65427
16217
4407
49253
29539
36643
22782
107
52115
35485
4870
44831
19058
17119
43302
42283
29502
50855
4545
4326
49833
31807
51258
50425
18307
32084
11916
11199
31991
43694
40443
44361
8004
14575
31235
2618
29404
6623
40906
36890
42032
44161
62495
42598
13754
14815
20299
63520
39627
23078
8339
9837
31119
30092
48236
64632
52164
50800
8683
9424
54659
26711
9147
11308
5907
42225
11320
10740
58672
49006
14933
62475
11304
11441
20883
37259
63734
42456
19877
44324
31669
54220
18057
57871
58175
61102
180
7894
44899
14186
48818
41303
45660
55191
32681
28842
58927
58816
61467
50793
53590
53330
64829
19779
4572
61812
63221
64278
22396
62316
12572
13141
53882
35193
13969
1322
21250
44623
17836
64949
37324
21545
22978
44554
7194
5072
46052
44179
63282
42039
40017
45889
25019
1237
25210
22905
43515
37980
14298
28781
16739
2762
32246
29277
50887
2099
49111
53987
32948
15240
16231
60839
3523
56774
31126
64739
46220
26599
51279
31162
55519
56284
15709
16019
36359
60759
34650
53612
53782
56593
11416
39475
1704
62968
44359
48098
31758
30518
27506
22296
63706
22010
46111
55467
50233
32968
49103
46280
15788
47018
52955
11958
32176
17182
35798
5681
32797
4977
26276
38797
28347
39125
50485
5247
59530
39640
29708
32784
37251
61997
41532
6337
11099
10663
17634
15048
4012
1147
43561
25231
622
20370
26728
27492
22147
23148
10717
9709
27005
61537
14471
2590
10573
10235
44820
40984
25160
1348
12581
13328
62351
2489
39773
59857
41304
28696
48542
55441
57158
18862
45603
11124
34212
36088
60113
11906
10883
4532
13441
34011
35523
34505
38446
42005
37837
2443
11430
883
25995
19074
13069
35473
48103
955
48603
57013
51340
44775
13501
18632
37240
37933
14970
64201
24798
24450
37358
39860
442
54910
27178
42650
30595
50789
25612
2652
43985
30561
34448
13275
18143
37617
26592
36660
46459
55749
65115
59502
15464
3037
45550
11549
44232
61987
19079
43266
21675
13324
2304
47936
65268
7965
36240
59403
37666
126
53058
51169
9910
45259
28896
32741
21855
46646
28204
3353
50860
29497
20633
20923
11303
9140
58707
19702
33002
40996
61967
8999
52529
52898
1538
60256
26424
27188
56499
44584
25234
18751
9865
52546
52612
50460
38160
40865
30751
27933
49401
49994
9449
177
33381
55648
63662
57204
58954
24695
55504
23749
58692
13221
61685
24739
31919
31406
37701
20009
33621
32710
61731
23680
64714
61592
3335
45747
40300
56727
30313
4959
15479
14786
38601
13367
205
31395
14486
24471
7592
4688
11248
59567
30696
42899
58704
59659
30700
38877
9324
30155
18533
44555
29834
43544
40561
57616
27778
25223
51683
52363
12603
14089
23046
22194
54084
46835
24206
25043
4969
6242
20459
17726
46682
45977
17316
2640
64498
64935
43749
45213
22977
21799
6300
35385
60711
35009
64352
59293
6862
18970
43050
41452
56864
56613
51715
12101
51674
8895
7005
40590
42178
63182
5291
5463
45602
4843
35580
8039
38482
38352
33036
32915
49886
50548
55197
36139
63004
12563
49541
58219
45289
49198
53908
55186
23058
24208
38776
48762
13982
556
30009
61593
24229
44716
12425
46667
57197
33219
46754
56266
28441
24602
50475
50414
61269
58462
34530
59063
38957
43202
15181
44612
12870
7383
50960
51750
48785
43809
22927
26073
37342
9671
65286
16139
60996
11070
47295
1208
48469
46172
56574
23238
24001
35520
39169
15174
42802
28861
19419
19430
21850
11954
43950
63730
55571
5605
26041
27650
12990
7258
49723
37506
41778
42551
48698
59581
29916
6111
25058
57056
6293
31289
41125
63829
57828
48676
4978
32631
58322
1901
7247
5436
56650
16816
55829
55056
61087
62304
34901
26840
12605
52340
46091
61198
8157
53229
23030
27148
17074
41168
272
23213
5201
63704
42787
15552
36734
7042
25409
35420
1722
991
24017
23438
18986
53510
13355
40355
64154
878
4238
28099
62886
51785
63160
46852
4300
8069
4803
29367
19182
10955
32295
35259
26523
29480
14527
63555
64354
53150
20407
41591
51817
30479
1565
20137
15753
65147
50227
50444
34938
15467
49675
4614
31004
28805
63441
61725
23766
56028
36249
8942
1306
2345
54413
53635
1983
28078
51645
34284
59144
15137
46664
7239
49720
52397
7233
4663
19964
54205
39725
33795
15595
2311
18068
17100
3546
614
8635
61914
2516
13310
9348
4531
27571
34793
51520
51188
22456
60404
64909
19298
11698
60119
6861
60355
39237
57
52171
53418
37620
24275
47419
48695
17498
17784
37472
40330
64304
5366
32898
34519
63858
13385
2270
51773
60073
45691
40677
39321
58329
49950
2177
41587
41536
9854
27828
44582
65124
50466
64406
64705
10957
8472
16941
34373
37268
57837
14233
14938
12971
13532
55799
21536
59847
8423
58092
42656
9900
60836
56104
4140
22871
25449
50025
45479
40905
28618
24635
3451
8054
7795
14912
42923
12560
5506
4033
18106
26622
16365
42318
27531
25192
30383
65508
61624
24574
25973
43984
23298
15132
45927
48188
8293
5675
49955
9646
50205
1810
52106
42046
41265
47367
57954
38191
12626
37560
38758
24561
42999
29644
61402
47764
12134
5566
4644
37425
18065
14614
13600
47874
19296
33124
20643
40023
39352
33835
33222
46136
13523
37726
64336
19230
60283
22053
20552
29850
51865
22362
23398
8178
28846
3694
8862
8819
49879
17567
21913
55222
43631
18523
64261
34558
32929
11855
32696
6615
54715
55453
57668
25906
37454
2509
3642
29398
38405
13084
24644
58159
59176
48712
15917
26782
28167
24311
5699
38145
19912
10632
50616
50925
33515
31678
10382
42381
43395
45159
14862
1786
39093
46707
44121
54209
22328
60248
60522
41169
49206
43780
31182
35413
35928
62095
41860
62612
50688
1783
1307
24782
40734
61577
63058
36921
37317
56787
33417
48567
15817
1107
55782
8793
9459
47882
30130
31852
29295
17497
15013
52487
30218
60370
28833
39401
28623
31407
2773
17673
21698
36072
6644
64554
62156
7046
55792
43370
7008
37295
7003
452
64605
6396
11593
39809
54071
17761
19614
59067
34534
48348
45489
51834
51145
13760
15533
49731
8240
62996
62333
63560
15667
44826
26360
29581
5869
43546
44886
954
2880
16048
26336
11853
20906
4226
42549
19261
54946
12996
24439
15739
41019
60046
10465
23497
22859
21500
43907
8199
9810
18062
64409
2488
5136
33504
34495
19764
9699
51445
51803
50229
50439
52508
3348
13127
40801
11803
28762
16465
18154
54246
6584
62557
5752
26863
59705
35850
52434
30966
29683
35251
60548
56616
47140
14350
47973
37653
12462
31734
31832
9615
10877
46696
58463
51113
49252
42102
42346
48300
52846
48410
8564
4258
23217
63025
22088
4241
7943
40259
23869
38568
3902
60013
58975
44419
64316
39739
53535
42873
43642
53303
31517
5017
9707
57119
56862
6338
51399
47331
13164
36936
16433
16992
19611
36617
11050
62010
63664
57713
1965
38017
59372
61051
55552
57374
39746
63240
57064
41269
13683
4292
32922
47909
47120
55254
56027
17457
53688
105
30420
23268
39001
55255
34002
48856
10584
21103
9723
54466
32703
1728
472
44961
62382
47011
45373
29816
28873
54685
45715
35103
1383
47176
52545
57448
34413
41512
40019
61005
11058
41152
40263
10815
9736
46270
46779
20134
20424
19240
23094
36475
36112
31722
26402
60465
11018
244
15349
30839
7794
35967
46556
38867
45894
758
27279
44428
4936
56487
40605
32450
32199
19263
64034
52286
50980
52854
12765
39404
38478
9273
59463
31328
32680
47065
3028
29702
32048
10094
51627
46424
11394
6830
8027
61052
37140
21121
23774
49811
52555
2731
26421
52441
10003
8407
37374
32656
50837
51297
1435
60941
12776
23942
40576
64629
43383
42702
36094
52430
9187
57191
33634
15737
65065
13256
34863
57492
61293
53658
54170
26519
10360
53405
42928
26309
24632
19642
12580
27315
10253
10376
52147
25374
63013
22817
64271
31880
29469
40340
58039
30768
29197
25154
1351
63358
31288
38466
38205
29066
41245
9984
15781
26173
44850
54360
50417
36369
36636
8722
15720
7486
34884
27437
45916
51571
12647
12677
36331
51320
50640
32196
23543
36600
4268
27757
25442
49957
46011
47014
47664
39898
40431
26593
54508
13892
58106
263
16001
20418
13169
15394
14615
31492
6479
48267
15856
58699
59447
41924
32993
22025
31857
25622
26362
12020
61570
33256
41460
49873
10686
31106
4786
4107
4102
32293
52507
10347
38066
46895
45340
5547
40322
36850
11395
54026
31530
16636
48732
2704
1761
59533
59084
20154
19340
29444
12131
32487
39884
34214
54394
8719
31696
31838
29173
30365
23666
30747
31510
13977
1068
56097
55590
20728
43896
19106
12173
38430
23369
58819
30470
60101
19688
13856
60796
30829
7779
9425
8679
23135
23694
14304
58212
12788
51598
34304
64383
45386
52895
6052
6508
57666
57767
13434
50323
1445
22853
43009
56690
37856
37077
25276
1420
13934
37630
64679
61659
39523
55704
10633
52415
23567
24288
10342
49825
41646
14240
38125
24749
42071
32212
20347
1417
3866
8649
51339
31717
52714
52879
28641
1774
49516
51823
56269
55491
37397
55967
25258
22953
45582
56677
23160
54967
16965
8040
12574
52875
56819
14032
58435
63672
13611
12958
55803
39000
59152
39794
21993
23698
56006
37079
26635
3419
44486
13877
29597
29007
8265
9898
61024
59846
29305
18274
64768
434
65147
15753
21775
6845
129
4066
32207
10281
61738
62668
42976
32925
25617
55976
11583
35829
38028
22940
12460
30174
13631
20374
32749
30143
8092
9817
61495
41064
13539
52523
51954
55901
6131
31621
17627
20395
50529
36231
2643
20893
9154
49966
44978
59375
30359
29586
521
59218
24371
36932
43701
20978
11763
10852
9533
11512
2708
49134
38947
52681
2232
17048
15427
12005
3583
541
20235
63120
49129
20304
18513
19214
43437
43482
25819
24425
8529
23969
55578
54553
56481
45632
45324
48645
41979
44117
65362
25983
49831
6462
24949
45623
62720
56537
9224
51053
34321
11048
55582
58050
37264
2969
23931
63225
33805
53099
41857
63201
22938
21740
27824
63860
28790
56934
35007
47292
19251
50163
31014
29731
64209
61838
58109
60332
56916
60148
56110
58618
200
15047
57806
8377
30423
31544
49581
47835
4421
34187
47677
15060
48299
48814
44048
41493
45356
26577
11832
3053
9653
4832
45566
13895
45782
48593
44949
41104
40909
36893
60463
60540
34482
33517
63960
41684
17136
18219
46243
1534
54003
56828
10782
37798
7428
6734
62878
13454
33447
36081
40556
3740
20202
40972
37977
56318
42762
62473
51830
4390
28862
15726
19249
35746
17402
2245
7560
5498
44315
41557
26141
43263
44426
25343
34335
24627
9969
59552
15567
30542
58389
48703
41151
19850
18244
8733
14352
42706
42270
42257
39250
214
59515
35627
58136
15266
21881
11054
9332
4388
57783
6279
110
15377
9746
6245
16329
42698
11814
4970
60551
41805
18889
11000
12359
37688
56630
6223
13546
50024
19553
17810
3703
28549
57250
55968
46575
48616
15516
44858
14639
14846
4021
26288
5251
48560
49981
20970
62478
42753
20042
19892
55366
32074
5761
8158
41964
3785
42828
12823
5441
41378
40976
9720
10032
10497
57922
10399
15681
46637
41988
65484
62573
61780
43259
41757
4304
31185
59268
44942
36164
6197
4676
5952
24785
28638
3810
17494
37322
16394
44029
43251
39487
24855
43013
43580
55663
54636
10305
7166
62816
65522
1838
30892
22537
44878
30025
54402
52456
21911
13340
21840
37762
1714
11872
11664
36664
10020
26146
21361
18743
17339
21549
16747
50996
51468
25863
28419
60069
35387
36379
22557
22260
63432
20722
23725
25411
800
63083
18320
5137
4478
57530
30177
16215
2357
3742
15499
32830
41393
42062
31010
39397
1494
47114
58374
48304
30995
61980
37067
9106
49262
35519
58604
32891
7031
47703
46683
46001
49194
4967
18578
36766
16954
24637
26315
29115
48288
24212
21622
48449
23468
25871
41124
279
1826
25872
26901
40597
55880
48767
381
28302
28033
19623
16517
62261
44158
6474
50602
43925
14427
60839
16231
64890
18474
18385
19169
1843
46030
6102
29915
14283
17526
30828
55742
52914
52183
40090
43044
64772
5575
20311
38318
51711
59366
21077
28121
7291
11822
8521
11019
11504
43379
51099
53875
50741
8006
26662
10178
6587
49104
63670
14523
56423
46338
32853
19999
369
47101
55339
28205
28076
38104
8701
44148
55908
56416
63570
14448
4441
6762
28877
59468
55994
53727
43304
42276
46268
37629
12308
17510
48522
48873
59988
59495
14795
9242
49248
22422
53514
54535
27034
25836
36476
32565
29172
31836
8869
5939
51846
25203
9129
48804
7907
52691
53476
43855
9264
8705
13962
754
40520
29234
58517
46606
22972
45963
51473
43103
14431
13294
32752
28917
42484
41609
15546
9434
63907
43367
11913
382
14861
14184
54191
52933
50664
53037
63340
25860
38487
54203
9823
18204
64485
64575
18909
17901
46521
32173
19415
57625
60032
59323
61484
24648
14136
12708
8614
10577
43147
42489
27224
57217
1134
50834
50045
18280
37694
10060
64621
61688
25668
24904
40746
37873
57677
59300
60908
38068
35466
34780
25820
58655
19435
7096
31962
29401
19312
19542
52239
10585
60974
45719
17258
10580
6126
29687
16059
32077
53643
54406
6586
5612
11973
24057
49395
36955
12368
61017
39637
4849
47730
12175
39610
37263
7847
41543
55720
57007
49544
50413
18447
5076
49942
41412
3120
2469
60666
29110
3114
12433
38407
6209
20036
52981
34760
45912
32482
32231
27894
15793
37231
37773
39081
1195
6233
54702
54135
46625
14940
13557
23148
22147
4910
43356
38751
216
44630
36974
9611
49035
2483
60507
44576
47454
11819
18461
57692
32333
39538
39219
25575
22272
3763
439
1185
38718
16259
41188
12248
13473
1844
46023
2649
14067
46835
54084
15045
31143
18268
19571
5533
8708
45873
57729
16554
17999
58688
27197
4373
64024
1586
37448
12145
29633
61565
62995
24365
38987
45470
45205
40941
37080
21034
38345
21477
25206
24564
21264
46812
54201
6554
4408
35236
16432
17917
19499
5177
30731
26905
25882
24309
62238
1410
720
24628
9098
38057
26428
44870
2364
34514
33671
58446
55858
5687
36155
136
4077
12558
17490
5887
9210
57036
60250
16522
20410
56442
54547
63629
36503
59625
56767
44031
28400
58338
41830
45148
15540
20956
39615
41971
13737
39013
16995
63375
64823
39055
12179
1130
17110
9912
30713
20076
39959
10283
7622
57525
34351
20363
61621
11194
11145
8986
60280
52596
28875
50609
42932
6746
26550
55539
54262
23616
24266
41505
62205
28295
28034
34877
12518
52667
23350
32256
6149
2875
43912
62071
23734
1954
63462
16116
59313
27796
1784
3769
2309
63962
63917
9704
11485
13088
40161
5154
51918
14141
18339
56459
20197
14494
44641
61084
60783
61178
61249
22673
40206
3178
2746
48465
48798
9888
10840
38049
37191
34640
23634
24374
45380
56347
54041
31232
50181
27040
52490
59229
58000
45622
51459
47898
1816
39854
59668
29161
60906
18717
45227
18247
8721
32736
50917
47091
45308
50208
14109
9981
9012
601
1627
47975
31248
24324
43669
11986
51377
63571
12036
31464
30246
36045
34083
5870
34247
21013
27766
25401
53210
26445
53282
1114
37480
53616
54389
31871
58901
30885
30052
28191
54897
2446
59347
7896
30932
52820
26128
9693
63744
5848
40809
35893
58107
25981
60656
15396
12824
59517
5071
61892
22156
18090
16457
62217
35931
32448
24256
12864
51206
42960
41888
7829
49804
29609
40374
815
1022
40499
59315
10822
10762
6549
33823
64058
61158
48143
45422
62072
63869
4392
50676
3075
37790
51764
30000
53771
56619
17958
16632
20005
50702
26081
750
42861
29565
14547
14967
60825
58628
16275
13612
40
38429
28983
62362
21247
27817
37655
37058
56107
44590
35944
35709
47582
61170
26339
59831
18623
17263
30295
54521
49656
52176
2088
15506
35024
35723
12642
33025
58943
21943
6064
63971
31461
40624
49328
50133
13868
8966
64035
12739
46334
21063
62789
62732
19338
8248
24114
26679
47645
46883
57097
63348
57479
49025
7466
10444
60426
24343
40369
39656
22971
41799
16505
17194
3547
28341
8932
19763
53301
61429
58593
59786
9951
58385
13190
15601
53773
57859
65301
36219
33305
45243
13288
12420
17969
40370
37984
27805
49835
6453
46467
22535
56773
43690
22773
42622
51313
48513
47742
34606
9728
38806
38199
21826
64412
18055
46942
59237
42772
41358
4415
5021
44067
42908
11013
51644
8453
11851
14633
13042
12025
4227
8577
10608
25286
16585
60940
57755
43935
26913
7852
35835
34871
33339
27727
46827
30183
29219
19586
36537
28039
18366
44730
24432
51137
27936
64976
64389
56473
56980
20790
21579
51627
10094
11196
11663
34453
18258
48552
45109
6340
18596
22056
40261
47926
4308
51059
31812
65281
21194
56402
9809
12618
12525
34779
35456
43968
48974
63253
29425
38808
42879
38355
56043
55647
54366
8550
13218
7638
32777
2062
27905
55681
53384
1973
2768
46596
38786
23014
19280
29590
28993
18837
32015
23856
63169
62446
24889
44688
44066
42568
42470
59107
39431
30546
1077
65370
65164
61810
7126
5079
50914
63352
42961
34905
8314
51207
57913
37563
52584
44095
14972
17984
16896
37126
55727
49815
51781
64115
5260
25941
26764
26340
54757
60457
28523
9529
10388
59633
58188
18564
17006
50811
49877
18298
7110
33871
52643
64993
63482
40500
2888
42511
21071
13183
48575
61475
21691
8171
20320
23919
24156
13149
15391
1133
14165
9436
35524
30255
57120
1109
37633
64138
62112
58127
51996
6545
4406
50626
44686
41987
34104
5840
4229
52679
49093
31149
4771
12903
19923
55286
56059
53840
56405
63484
46996
35664
48149
45612
52718
41749
12124
21483
21782
34277
31879
43812
30693
56127
54846
54381
36719
16939
16359
63973
13781
35077
61986
38756
26372
10064
57478
23146
22152
13473
12248
57278
24087
15543
13010
32336
49351
6726
6666
24377
25147
3136
847
8667
62609
21571
36654
57935
10386
50282
42888
40228
36128
50517
8162
48058
17134
7671
36779
14010
3873
42540
406
64941
5512
3988
1513
7181
23208
61920
41220
58786
46100
64725
61603
43473
64673
7254
5483
63381
8592
29320
44541
5426
37301
17590
14288
12854
10971
31130
29000
8517
44125
1105
52003
10345
46252
28796
32639
50288
6267
5802
8367
4486
6875
49314
55462
15213
22934
35631
31795
53702
24098
51652
14087
60405
57416
18162
62841
11004
52559
46714
48071
51050
9231
19509
16825
19317
34078
47167
45624
21914
44951
58983
42975
53810
59874
7712
16666
4528
21880
51592
15357
29440
42522
38651
20396
4362
9308
5245
5514
64244
62632
9902
60837
32856
51896
64896
62122
7731
41390
56529
54232
51929
34115
22105
23259
53416
54845
11557
7616
869
38902
44516
42030
59835
45093
3534
40168
44616
27108
20855
23813
29954
23297
57128
30241
12107
5686
55360
8731
41209
17915
20788
39667
58104
48189
38000
54107
40626
61028
7382
47626
12641
44740
48015
47338
2392
14973
42487
44933
51342
29673
30100
40846
25971
45163
5382
7480
37329
48082
28428
60224
46402
60599
36006
37130
37438
16316
40745
18437
7882
57244
4595
4455
63975
61749
45335
46882
24379
54942
9307
4357
27055
49352
6887
6065
9496
16707
34221
36083
48539
55446
1324
25135
41124
25871
62323
63654
23742
43542
18031
8048
15418
13062
32789
4220
17056
28576
43523
20767
3641
2499
24575
57918
27254
54001
41437
42195
50774
34458
23280
44045
48948
38527
65330
16183
39976
40052
62910
64053
165
3014
58441
15365
41818
27903
29460
31875
64803
31859
42651
41545
60859
5105
63008
49161
26057
37164
23597
24122
36176
33377
6289
35378
24058
52173
58831
59099
52179
19840
49333
12166
37833
18561
29772
32149
11601
18730
7813
58451
30241
57128
50148
50824
12205
10832
19850
41151
64603
764
40016
39648
48430
45611
34444
51818
8330
11745
31137
39732
38661
19264
62938
61641
15222
18470
5032
6309
25501
20628
8432
12080
24731
3925
61157
38894
12053
9347
11228
37150
49109
57903
38785
53412
35359
21485
43193
43962
58478
47204
31864
22085
52715
27762
40420
58556
18203
16838
25386
34135
50671
49696
24990
51325
50910
57886
4338
62933
44336
41990
63980
6271
48795
48470
5427
6477
13600
14614
45458
45206
57324
27536
25628
42585
40942
26290
41179
45014
30784
31382
53719
54746
12033
8273
1400
39167
17335
18049
38188
20231
22281
55787
46068
45128
387
8444
43107
40585
53570
61371
20820
34189
14988
25515
25119
42577
16490
24754
64850
56262
47752
5070
24568
63136
52144
52949
46104
46618
65097
30551
35379
34887
58128
59437
340
16253
24581
22505
42512
63273
42980
416
33676
34527
15039
44594
20316
21351
26974
42645
46330
50770
28457
25410
60141
23342
61673
3366
9355
4533
29536
30625
15928
56703
46331
10896
52268
52196
44278
30639
28906
55074
64670
64715
34433
21613
32723
24476
53592
53343
36423
61436
32609
4854
23928
6170
18222
13020
44680
44420
15107
18520
21138
30776
9052
8204
12838
14840
6824
51435
47302
3286
44137
32086
49445
35467
41173
65414
46463
10370
30695
5961
27222
28545
63042
17975
39061
27910
22830
1406
32150
62111
47721
59477
28835
32166
24741
61683
48879
38610
46378
53231
34996
50125
13504
30119
3175
3258
60047
57788
21672
2040
17242
18666
50570
51689
61290
57500
63844
58622
43777
43022
52515
49899
27310
10252
14617
15402
30727
27735
26846
27601
31480
36030
10525
23845
11581
9472
33263
35516
27053
21410
38408
37521
2044
12430
47895
47381
32161
58358
53262
34709
64997
64432
32391
32650
3762
63483
60287
38685
2821
54349
49974
35018
64809
41314
36541
41368
15868
43068
39920
38445
58042
56649
21266
47375
8447
60333
7808
7637
50933
62350
42586
25631
34365
32936
19304
29523
12694
37645
4446
6753
18588
9013
884
37585
48995
46185
28426
20998
13806
64641
22176
24565
49707
29741
53442
27966
64178
37270
61745
4328
5961
30695
53858
34158
44008
43236
47067
52990
36618
49486
9793
21189
64040
64177
5577
20155
61014
36246
25932
44953
28419
25863
36046
57879
53071
49402
30426
31703
5074
4231
2085
13242
9789
8440
14984
61791
7631
24008
59962
560
16064
35985
8145
32727
48723
52859
20543
22304
47225
20416
62026
62982
28258
55768
4928
12705
12922
49071
28066
8253
65528
42454
9901
3711
739
26093
37305
38026
64876
40037
60884
16962
21430
25573
24395
63033
48938
46374
38046
46771
60091
40430
22916
21584
43234
20911
60075
50656
37109
21265
40749
40688
6856
42033
14910
22453
37328
36959
60832
9970
10556
15481
27874
59021
38008
32027
20884
41766
4864
5787
26289
4030
50501
20675
35328
34305
41331
5667
27341
1219
26926
43932
27814
28166
3850
37382
60890
7263
2410
43326
17588
64237
23277
22705
22959
25260
56698
56953
37699
41663
50850
59638
59597
31053
12131
29444
12062
36526
17034
2244
24602
28441
48835
5906
11330
8697
5731
4957
39100
15750
64682
60600
5987
29805
17090
43294
46293
52384
7594
10314
31623
30850
32432
6325
34386
35424
48173
45858
872
29030
40670
59756
24158
35203
15395
12829
38680
2760
45435
47734
40573
54218
16453
19467
30212
29448
61205
30686
19665
57020
23457
29508
37335
60293
43598
42817
18443
44624
13697
14830
19133
19752
26524
53008
24951
27909
56860
26641
32452
44620
57618
38824
16449
2905
62507
63808
13155
12301
33697
34551
28616
1732
42456
63734
60707
36301
26007
43067
20292
65312
6154
37410
64741
61492
857
59010
2008
48090
55939
57228
24559
21144
18049
17335
19726
16998
27465
26916
23653
23513
42308
42476
36833
59070
1780
28468
43321
6914
55362
55885
39216
36938
47417
8498
24180
7804
15991
20162
31770
31629
18003
10290
9908
39891
48122
47608
18655
64784
21950
7132
4732
7556
8235
45285
36788
30181
50335
49498
39943
23679
49273
60947
10602
20979
15596
15428
14820
135
38672
23448
977
40882
44633
49697
62771
62905
11458
19208
51341
15066
63782
44034
58959
11541
30889
61418
19982
12242
34875
28137
64912
15968
31063
30034
24008
7631
18813
42074
20973
1491
8291
9117
10762
10822
61234
61103
22322
29617
39689
2024
58344
32010
44466
59284
28160
9751
54076
34611
56810
27373
49235
50077
48438
20878
5885
5028
36360
55562
65253
35719
9877
10807
27849
62366
28768
24551
11566
59083
9872
4756
30158
8163
3016
61945
50965
49440
28733
38983
56447
25347
15506
2088
59596
60254
10139
10854
13704
18900
30120
61480
268
63346
27162
26393
11658
34933
63473
29250
60892
30632
58402
60340
41689
44250
53424
55218
52458
51494
37207
41760
32642
14330
42928
53405
32302
54208
34072
2550
1210
11735
47297
61042
18382
16052
11954
21850
299
25098
55208
14259
62239
21496
56120
54837
1259
27366
54722
29075
11830
144
12387
31820
17975
63042
56303
26853
25434
26201
36797
34273
60664
60330
12092
13280
28701
41309
41754
42521
2019
3047
18065
37425
17759
12246
32055
18271
11635
7716
42063
44640
53743
28397
19413
19920
40650
39708
24994
33052
42389
34827
53151
6187
8189
4259
10380
40825
63949
61850
61769
17694
30257
12097
23909
24144
61404
37486
53604
62462
20671
12429
36835
55209
37689
2363
9471
31179
62157
3291
63897
13673
18737
17328
17137
18732
6454
29243
54373
54887
747
26086
54222
24884
41351
36103
45488
62704
41995
26260
25570
21438
60344
60607
64899
29355
17025
19110
16642
11464
12666
62253
50507
50334
44564
41347
17499
42211
8837
50805
46405
40840
4284
50170
56818
3432
45350
40986
163
198
14124
23264
31594
47169
41993
43579
31601
57442
40172
2538
29257
30530
42112
42742
23827
42659
65396
64091
59014
7646
46868
38865
56214
55451
63580
50249
33089
4874
42218
64318
18146
8011
997
11970
22093
5182
3684
3731
8503
8198
21717
26576
30657
45055
22048
51191
51018
52118
57394
58359
54619
55390
44746
63689
31361
30606
14537
63513
49965
58288
49139
56901
65441
26938
36287
23224
16101
40057
118
40742
43069
18483
52383
49480
48128
42008
26250
4101
55131
56153
47831
52658
22393
25722
9551
21220
34486
63046
64553
53494
15075
42221
62770
63158
41949
21185
47453
46488
42935
23425
64773
62540
27955
31402
14294
15024
27514
43972
3749
8616
50016
12038
8835
5131
3732
51848
58888
28275
49598
32673
215
64120
46932
60192
30077
48882
49796
5604
57691
35300
62143
12988
53660
54163
36595
25561
32147
55689
5753
4890
27641
38970
56541
54226
63271
13053
34506
59523
40777
44418
64351
39312
2952
57676
40004
37549
35488
33269
34648
33631
47736
47769
59021
27874
17640
3848
9361
64841
44445
26993
63010
18119
23070
57260
31911
22426
18923
17878
2374
3323
6113
7366
57164
56897
34053
17857
23181
33163
38226
4636
9782
9200
5148
4479
56604
25619
42648
41537
53901
26452
30074
29047
22016
22874
41322
28343
57393
53310
5063
32551
55186
53908
47204
58478
60153
33084
49699
16422
59273
19861
14447
1393
52635
23209
41890
25048
20164
10171
6649
30127
11845
10643
9914
49089
38937
27593
27249
27398
53626
29292
38476
23850
20665
40844
43054
34830
51970
8526
1647
52485
65470
65039
27734
27535
53364
29566
12257
65236
57221
45991
10219
10966
52989
53056
34417
11354
8525
9985
37939
54807
30690
31776
52559
11004
11205
10256
47000
39692
35232
62897
57971
55748
22214
58773
54802
25843
40943
2248
17067
54123
28500
25993
5196
7429
26497
15332
35757
4266
61540
64766
50567
49683
33710
34991
55439
27277
5368
30826
2507
8195
4536
497
17816
19565
46600
58884
22768
21268
15371
12902
39932
36897
20059
19582
1522
8606
57833
39554
44765
39749
1920
2790
58326
47057
8094
28674
18061
17578
47881
59487
59220
64530
35138
54590
16271
12524
813
40432
22802
43553
11179
37956
48899
48566
52293
49904
53332
53596
28991
30014
21778
36576
27397
54525
2074
2857
24931
54744
8341
48191
59748
20739
57513
59380
59027
59231
64257
35874
65288
16132
25700
36830
27608
28093
52150
11909
20118
12607
33167
65524
5031
36523
13302
14374
58860
32401
15185
24578
16765
8591
57840
58273
19311
5725
23297
29954
27927
54293
65305
41087
49221
65506
49497
49178
16986
19062
46188
48996
62977
21962
39942
7281
12000
11221
64361
51364
26965
16235
56594
53776
13017
12963
3341
3688
35591
60766
51198
51535
32036
15860
40295
40634
25891
27977
48832
61045
33359
6290
58151
60611
21085
22923
1190
315
53543
46110
47032
62525
9932
5679
11289
8482
16524
17338
2476
57318
13586
14416
30679
31099
7816
11639
51893
18467
46620
47636
55618
31642
35516
33263
60652
25239
53291
45077
58584
2487
25904
565
36365
51088
52845
10248
15639
2067
5692
63478
26108
6038
33322
58825
64495
64956
61780
62573
3805
11611
33682
45647
30311
46074
10182
21847
16480
58254
28304
23451
33940
41386
51367
59555
28763
29175
33346
17221
13692
48893
44684
44890
32555
47586
12269
32080
29104
25976
34289
418
35884
7863
50820
49694
46093
48906
35764
57714
2445
1512
16257
12526
4738
61885
34174
33962
20358
12469
32338
59280
641
37590
49579
5963
35206
56998
13339
43339
29859
48602
33051
14293
63109
42155
52849
10434
44565
18649
28773
8022
1570
16319
54353
39724
52891
52566
63595
20482
37882
27440
31421
39141
3054
41376
4623
179
44947
41117
63283
13476
13751
5284
8571
17537
59163
39806
59334
26251
984
1725
23504
23658
5071
59517
34511
25649
46404
16870
65049
64731
56549
26380
63261
61906
2736
3168
56780
48505
53550
26565
12748
12751
46158
50844
47571
6822
32012
54329
56425
41083
8492
40568
3942
11
39005
26367
2823
27626
5164
63265
57696
57426
36957
26413
55437
54671
51375
52028
42979
31531
32607
28764
64494
11657
2471
55448
54027
61285
40060
39983
33706
28610
28124
25189
27989
28240
43522
32769
9703
45276
11159
16392
53496
10551
39171
1948
5518
59503
31405
31915
13620
197
5681
35798
29515
63634
58539
53957
57507
39497
55813
20224
23894
21969
15917
48712
47803
54454
15949
23697
42056
57832
42662
43893
1764
28648
34117
35888
56954
34937
65027
31175
6767
46046
56445
41443
26891
8750
26140
25331
18001
16620
48119
47605
61846
21533
18578
4967
5394
36676
61667
61756
30626
37858
59433
39769
25528
59894
32554
50729
5698
36480
168
1734
6741
5796
35633
35910
1744
25977
1234
48592
57443
23106
59274
54179
40338
39777
59864
37896
4850
24585
12869
42022
38381
37200
6368
58991
21841
16106
32404
33376
14890
35229
9055
45474
39156
12875
58698
10579
16014
52975
26360
44826
20758
9581
26952
24618
53411
56742
60361
60185
47896
49946
13065
38703
3325
584
39021
28644
55758
46455
9218
19944
20545
22060
36540
60812
56283
53352
31495
15295
11202
57542
43656
42884
41168
17074
40916
2968
38669
403
2551
60820
12076
38553
56280
34947
28907
53125
30398
33326
40781
17970
49012
48110
57233
46750
57458
56888
15609
54800
38845
38622
3492
20178
47971
59737
29857
8038
14972
44095
2263
18954
47322
64642
31138
41238
9479
5522
51493
52460
20404
20408
7895
7553
41917
65459
25271
1415
28810
53521
45351
49388
44848
42160
55236
35902
30367
53148
42521
41754
29540
64677
4505
45453
65076
51589
39880
63165
28301
37159
58702
35298
5781
4096
55744
20081
32451
31931
54629
35158
42824
43588
42552
62104
23709
38276
44308
58486
64848
15969
15102
42823
16478
16623
18628
10987
28158
54652
31528
343
26337
27280
59498
60316
3626
1020
61600
61904
57220
27230
57678
57774
24404
21977
19979
16716
25023
21737
14135
17570
42205
63443
48364
48829
20151
24962
39548
5198
64170
40467
4466
60356
54536
47621
29902
29121
32429
31072
29084
51673
62212
18004
41999
4605
55796
54776
6278
17547
40636
39179
18621
18977
52408
47010
47522
278
39416
1336
7635
11633
26617
37951
48503
53452
59466
59958
41295
41965
50241
52632
4883
63315
8192
8497
42672
16309
60154
45455
4232
37786
52837
51968
38277
23699
2468
28296
10444
7466
60005
58990
51727
10079
42555
55375
54404
53640
34132
6451
31846
4693
50746
50095
50274
13204
52890
45391
33144
32895
11779
48535
26901
25872
29454
53564
12541
30517
7099
11653
28535
22014
48455
45637
11740
7145
41335
63561
31300
30108
4331
6087
33863
60158
60578
57921
26039
46655
10974
30274
61079
19891
3820
64872
31538
33606
57612
57348
53910
51281
23555
21484
21572
20792
5833
36651
39515
32549
22633
25300
57927
62277
25348
59020
46552
53907
59488
60315
58603
35510
14814
15537
14088
34895
24382
60736
32588
28751
32946
18070
31682
33574
33618
11713
54921
54154
35841
35734
48464
48789
63252
3599
64566
63466
24634
28108
63276
60132
294
79
64638
45675
8462
10052
32431
33679
54387
53629
61500
18169
38220
18620
16442
7378
9140
11303
1611
39289
27694
535
36886
34694
54889
33875
54249
48408
35400
59956
6425
7811
45220
45880
6429
57746
64221
61827
24062
49972
58390
46965
846
3140
58737
60462
43971
52597
17902
31476
13571
20261
60654
55210
12404
9259
27434
26950
21438
25570
61424
57397
3853
37378
1636
1330
19156
59965
41968
44118
40027
36067
11580
24019
19703
19498
38077
45732
37017
38506
16918
55408
51554
50433
10933
5344
6202
36160
37693
226
44130
62046
62641
45325
31120
35808
1220
21704
11423
11372
63539
54510
24911
25676
19409
14218
53565
54079
41584
62050
58400
57718
2478
3121
3274
2425
16599
37369
50042
12239
56770
53223
11241
19842
11739
19063
60178
60865
58057
51383
4975
6254
12916
63939
58094
3331
6820
60815
46921
47958
49018
7833
28829
32659
11371
29330
38493
852
41068
27049
38419
9423
48145
26126
36041
57884
17440
45172
3869
3301
11757
11997
26986
46206
46242
11933
27523
37619
51141
21899
3419
26635
39786
40351
25308
24419
43033
26363
21104
23579
8662
37072
41544
42385
22266
23324
65055
64380
31927
42803
14681
12571
47360
57740
23821
34225
20522
24524
13994
2166
35161
41845
51436
8779
11309
10673
13176
12640
1378
62758
11118
58879
4897
5537
64038
17733
39174
2018
61803
64501
32060
32319
30435
29223
20051
15112
65080
20512
30462
12141
11059
35535
30723
31287
16851
55282
52657
2113
3675
40272
14563
65422
54649
27065
38644
33465
56017
55262
64691
29152
43563
42790
61003
11065
42327
43346
21697
22527
33642
34669
49081
63151
37607
21938
58359
57394
462
2372
55077
23590
4185
7506
42119
31253
25898
42641
40857
26127
56749
39258
55850
64367
13143
47171
54472
59881
25120
1317
16019
15709
52835
51981
40317
11551
8897
35054
58202
57704
23804
21162
14775
14139
22482
51017
58542
30547
48390
56171
19274
94
61420
60083
20018
1677
23722
9005
38486
39642
27066
36548
29798
29035
39682
36010
54207
7303
57442
31601
3998
12127
61898
61590
49238
53136
46500
31364
5265
14516
30631
29547
38037
1726
5595
7302
29697
40523
44323
33799
50479
52712
25600
28593
15970
18779
42413
1653
31305
30355
15708
1303
35917
36410
55379
54620
17268
733
57660
11161
35031
49762
31857
22025
38579
24557
57878
28040
48958
47675
7082
32991
35875
23351
52641
49062
49294
2039
39519
7903
35575
12755
62546
54791
348
47579
11370
35772
38470
17978
22672
40197
30953
44770
2268
63640
28935
32439
40080
58755
43962
43193
16737
45975
29571
30339
43443
6400
64791
15381
56610
47143
65038
14439
59611
38103
24701
28075
14696
13581
59266
45270
39018
24721
52545
47176
38018
48598
20254
29171
1415
25271
41354
21965
15194
56242
55460
18054
37491
27076
10609
61496
63890
42254
597
1628
28134
58027
51291
31637
16566
49479
52443
24433
500
1864
27190
12733
55084
44014
47151
3602
52340
12605
36256
9201
26713
25988
21445
39355
43973
5634
1504
10875
59395
46842
48003
38539
21300
55738
9041
9730
32382
54133
12424
61572
42792
29733
24656
26975
4474
4773
14437
15020
34550
33782
28753
32606
19974
15979
920
14187
60655
57520
5059
21988
56164
48392
13171
10949
61057
55461
23854
51877
23168
14873
21016
30646
12888
47229
43927
55598
50614
48384
38604
40797
18389
34570
37372
17367
1376
443
30454
29789
5181
4618
44268
12937
19889
47153
40279
41701
21604
34439
4099
51175
12111
56995
14506
37646
41974
44112
28396
4626
12244
9495
9767
38964
48297
46506
24030
61682
2906
2207
7513
1018
17904
24486
17431
14660
56355
45588
39623
40592
37933
37240
53766
24336
20475
65155
3826
41501
43992
63619
10667
8535
3324
2383
59026
57441
31484
32595
21935
23036
7106
6183
54267
4420
55986
13883
61287
58475
22027
58824
8242
64778
60509
50675
4481
5335
32500
29011
32579
18676
31842
4702
56129
55622
28606
63251
39598
9950
57364
33971
15894
15648
63753
42955
64434
34602
4068
2713
41363
63245
57904
25656
3243
3705
9038
60997
48519
49019
60277
16318
3655
48913
31566
51447
18085
7017
12966
31180
18278
13181
18154
16465
40724
6565
24553
17466
23312
22267
36125
4879
48212
18040
18898
16518
64719
8874
6129
7016
59545
56591
39483
42332
35193
53882
60259
61085
55620
11357
57709
57439
6455
52986
15902
47467
20456
56567
13231
13882
24618
26952
26941
11946
52931
52605
3622
59656
47794
48351
43094
20070
29858
30304
39154
46456
14362
1782
58291
31973
36293
64631
48133
15054
52889
56928
7189
9849
63495
64401
43919
43148
47090
63469
6740
8107
56728
59188
52016
33320
56099
41003
12372
13208
2958
11073
16372
45283
27564
22944
25359
4444
62568
32637
18421
15582
64432
64997
46261
3511
22523
64227
50643
6811
36856
32175
49901
52360
54848
18809
11951
31815
16915
44227
9673
10468
24917
24718
44478
21550
54055
2295
18118
60090
7617
34496
45453
4505
65239
18591
12728
33265
13531
63481
26295
5263
34385
33888
59619
43696
9941
8732
43861
33564
29621
48749
3430
46148
10597
48123
28379
9380
7323
7732
17058
48545
65501
37938
29463
30226
62675
30843
27996
28255
8566
18305
60196
48685
8187
4262
50588
29343
1738
161
23790
51697
49817
51780
43415
5929
35684
60680
61431
34382
9216
47861
40643
16071
65200
65003
13785
33635
60159
9825
31007
28800
39298
2918
59912
58895
22343
4286
64109
61779
1595
38944
59332
58316
40571
36367
42060
44437
21537
38511
47169
31594
14047
17385
24722
64844
63748
46726
28177
24856
21369
24482
23725
20722
11947
14952
14
40786
53020
33724
31672
31639
56757
1086
10690
50109
39395
57739
40589
23944
1317
25120
60211
8249
26133
45047
23837
35611
4218
35695
36916
61654
37488
39979
23228
40242
12352
13411
35621
60795
48050
14488
64946
39865
16705
11287
27232
27860
61275
32773
27176
26657
28591
27248
50562
51687
59791
48088
9606
11645
8287
21651
47395
46365
56262
64850
29214
17184
687
34626
33055
63455
30732
53815
57589
26238
39295
13153
53094
49158
35079
35739
15715
65171
36283
23223
14118
14837
7711
7036
3499
15848
61086
43714
30644
28164
24061
24228
43325
22644
31050
21371
3973
31522
54286
38991
48843
59510
11756
61975
34911
56169
420
45950
46631
29638
33481
25429
64811
15780
54675
55711
45146
49055
29346
28866
59035
2332
45372
46255
12508
13247
27352
53717
57548
57796
55486
6516
64474
20212
6241
34298
57153
47180
49531
10021
27938
55846
6410
5532
48421
13666
57732
26515
12146
61407
52481
10728
1578
799
45232
46037
11292
8481
17623
42292
1569
25463
17965
19440
20887
38766
15813
63526
10156
8276
49183
53034
57998
24825
7973
12209
29100
7982
25469
24435
48388
56675
46551
7791
17332
18236
56458
47421
57088
12780
63162
18153
5788
7057
26026
43231
47327
31850
7810
27836
23534
8530
4493
45736
13013
16291
54850
48967
63547
15861
59022
24730
19794
19207
17927
38185
22430
2252
49910
57136
21308
524
59548
58627
26649
23857
42855
63329
10565
50598
43003
48930
24819
40985
12934
49008
41034
47961
3750
12401
12302
39246
20984
49773
60864
38326
61995
63821
61903
61589
2919
50446
32370
59910
23995
17478
11090
27139
42847
2629
56139
29518
62258
41806
29835
44307
31869
58469
58318
47556
30612
27311
3838
2881
51648
56304
10470
17442
13584
12882
16281
43247
22285
54247
14510
51791
18250
19206
8788
7171
44759
35758
52044
48709
15664
13318
51329
53308
266
4450
12095
12475
4339
7670
24063
18976
26603
65409
33622
5690
13540
52517
62061
37631
8434
60630
49529
10031
3311
39356
33450
36092
28531
44460
59209
4087
738
1887
19408
22679
60700
26316
36177
44732
63321
27316
31560
59244
4743
16633
60415
58946
53272
44018
1736
2982
40278
29351
52771
55788
48095
60634
9846
9357
25143
56148
21047
63127
31335
33211
45863
48163
6143
4952
34202
13290
12079
46790
48048
48853
3250
32186
21971
22620
5800
5200
4029
1034
45228
45887
33669
43365
1113
57124
16983
65150
4043
20286
53690
54457
5512
64941
23533
30621
4498
7216
28321
52177
64346
36866
9354
16756
39810
57808
1411
23789
9997
14085
56470
64289
46255
45372
34273
36797
59406
45579
62359
20364
26374
31455
28222
56516
1272
46609
56321
53774
3442
8486
30188
29221
56543
33670
20801
5041
47925
11849
52832
53106
36071
59870
14744
46721
29691
30973
21885
48368
21828
22845
4594
15158
2908
40457
40574
27023
4900
35563
51695
52364
58968
60010
7280
4561
1501
55702
12879
45318
52170
52857
18102
13257
32678
58606
22735
57985
15886
15713
40806
1242
27606
2229
63062
64122
56426
55911
22918
60182
29253
30536
26857
23303
40390
3531
19357
20068
13500
19874
54473
43198
60731
23262
15752
16100
3313
578
9596
14538
34499
4196
48204
11192
26381
29487
58239
59586
32766
10206
25188
24537
35419
5941
25056
33006
53678
34034
9059
51116
61092
26557
19054
9587
9252
44977
3241
29449
62633
19868
44436
29991
52902
52333
39759
37168
9853
62256
35467
49445
22472
856
57258
28878
58433
57762
49257
9727
55568
54549
36042
34089
20234
6213
38614
21798
17594
31091
24837
32326
24743
48313
1069
280
31188
4979
4246
4401
20373
42502
30141
49843
19718
43908
43171
30164
15931
15597
22416
31399
40158
9527
55984
2740
47056
40658
53946
55485
47497
29485
23242
62986
2886
17351
31111
10705
32131
32397
10958
12267
19016
46160
25172
27008
5691
56092
51270
13332
57354
43565
60933
47200
59968
59296
58690
52319
22049
12480
23075
37908
31666
14479
23126
23683
29824
44312
8080
9733
18347
19591
36801
51128
21954
52788
40715
27714
23493
62284
19017
60960
45308
47091
50109
10690
23988
23278
58111
17083
47960
45695
17187
11968
43225
62248
35612
30267
60897
30990
13280
12092
24935
54737
13438
51413
3022
16817
7866
20769
38971
17959
63096
62544
61315
27893
32253
44105
24760
55930
60958
48245
27344
36371
2529
40167
13965
13283
35429
21863
5642
9881
62190
62533
57142
54949
57619
36412
50171
48661
52970
16007
59154
57011
51401
10282
37847
40926
30016
49733
40251
17966
3611
2854
44463
24344
61736
14968
55610
26240
29105
27431
14469
52152
6755
5981
15143
3619
9378
11588
30344
31961
53341
55843
65341
11934
26112
24405
25793
62016
50980
52286
18227
8824
50436
51253
24759
34573
55661
33379
37140
61052
14569
44522
17142
15071
37554
38767
28024
56181
21767
22203
15334
31511
32635
5331
34634
4098
37412
19316
19524
18695
61767
17575
54275
56564
12801
16952
64011
20851
54454
47803
59620
17979
40241
53156
50709
46478
28378
26976
12316
37810
28691
41299
41851
65398
38061
37188
46309
56032
62652
62011
16648
61546
4447
6764
20194
59183
42354
46421
36335
60860
62885
37228
10598
52909
32820
6985
48970
52666
41769
62415
40927
2208
21990
47630
43534
63378
15269
6910
27471
26925
32868
10287
4730
7565
33937
34278
51125
4525
49933
51002
53967
30394
50189
10296
45626
51201
37252
3251
16967
61994
62988
23244
28179
43799
36048
35793
63053
10055
38110
2260
12005
15427
47583
4692
30340
18845
51011
30769
13466
60538
14430
29678
34180
20829
19242
54017
1644
25353
14056
25079
3281
690
15720
8722
15266
58136
33702
13921
23956
51156
30011
28989
13930
31490
1494
39397
28064
24692
39948
39867
56754
59630
14544
3564
2684
37241
5580
7604
11379
18263
7598
7490
24826
26531
43571
31944
31434
24128
3305
17355
54188
38366
3624
52813
11429
10071
9337
63438
43746
42029
1625
31870
42839
552
7357
62594
13429
62393
64763
63852
34800
35493
29203
38969
63105
43095
65094
44905
4383
5283
57997
52774
31420
6121
62203
37209
56847
31966
34059
28955
21384
22367
57722
47520
41206
41350
63695
46576
29334
45738
28115
3508
4285
5859
16592
14801
57149
8643
45273
5764
25893
33645
62434
24895
29230
30436
63794
60740
8634
16835
3320
589
58182
45221
27584
37649
59439
47999
485
62530
61339
17972
5317
3878
12955
15653
26178
25894
18522
17383
1374
20388
25910
47689
21093
22486
49377
321
4654
63635
17223
17671
39859
38887
42346
42102
54711
23718
32314
6201
7977
54981
1248
2384
17084
62954
20211
26028
45579
59406
30780
34869
30333
43940
21295
27704
55511
36562
4775
7515
40087
13105
54584
42420
16961
52
42074
18813
3953
38054
1518
2203
42115
49837
39569
60545
11749
38745
46225
49340
52279
51882
30142
6626
37320
40481
16242
10422
8350
11615
42473
39117
29187
23096
41063
27054
34334
9011
48498
54410
13937
14193
3682
3329
34347
63541
40347
37559
24337
53763
23940
2548
26948
25038
28951
29714
16232
52897
41446
33549
60956
60367
60895
61164
14532
9397
65348
9505
61790
61834
49511
51621
19078
18080
53350
5711
3072
30709
63680
29596
3807
3514
53909
38275
63940
61852
27670
24818
49252
51113
28062
36811
11827
4641
28052
26003
2990
40514
20868
24279
6046
51822
6806
10763
51147
54405
22286
27115
59335
9148
14739
53114
18517
15017
19094
16736
11632
64123
40748
17470
18319
22243
19688
60101
3355
28197
12583
56198
22829
23359
38452
17961
33573
22177
30670
47466
56632
23635
45340
46895
25391
26156
41750
10998
30886
30061
13908
13054
32603
31486
1657
55180
32885
23516
19566
18833
48978
47696
45425
2045
32758
42796
2158
30107
27706
44735
935
55429
5936
7313
13668
43267
49135
50287
63143
62595
6692
7200
22297
62297
22890
24272
56968
53828
12644
22546
57446
34400
31494
6466
16698
16573
30588
7333
27137
46519
58772
33293
54047
56336
5092
61758
2745
42608
8900
35810
57566
35495
25466
24441
15742
65070
10490
59048
728
56464
59605
57019
10469
61276
46263
61365
43279
42252
43702
17637
61987
44232
24296
54721
40543
3343
47966
19233
40301
45633
10536
18322
39200
40053
55054
53259
7190
7386
6583
9607
23831
35610
56156
55125
20774
20538
37760
40034
8594
8551
59861
1881
14448
63570
49388
45351
23397
22364
54879
54108
21768
22207
12402
40694
14832
50481
19220
37968
37185
38823
41462
18096
46794
45766
50419
55373
42718
31274
1172
27288
17632
16854
57303
33746
12133
61196
13943
52102
22185
39763
9180
57623
19825
19246
33242
65307
29566
53364
53077
17285
56205
54595
64123
11632
37315
39714
47747
28228
29920
51941
15336
14113
18449
60790
60601
35533
27256
41216
59016
49234
43276
17001
35968
10997
41547
42393
26015
38859
25789
55482
15539
48012
38775
37153
21840
13340
4286
22343
33087
33868
48787
48477
13303
24619
6192
4621
15655
43042
31289
6293
23922
27393
44397
20914
34400
57446
31705
50853
7811
6425
18920
4192
59372
38017
16782
59423
21805
37084
14059
45030
32058
31663
44608
60556
56510
40761
11101
34790
9321
47962
34584
33567
6317
13919
11917
49014
947
32464
18778
3747
55402
36457
20156
52190
57330
53765
26565
53550
8855
39774
60097
14918
32687
50751
39905
23305
19499
17917
41434
58974
63623
7818
16924
63815
45941
52087
20752
1075
44161
42032
20490
30553
23912
24148
30019
2447
51756
63579
46200
45508
20912
29791
22102
37712
51312
64164
42572
33797
44180
28713
27071
24589
4263
60726
61946
21140
3593
57757
52198
12578
49861
32965
7445
7024
4324
63287
38053
26427
30578
41464
64628
50496
47145
37253
20033
60108
58580
22969
33534
56482
59385
45375
1976
64734
45186
49121
59202
46910
30338
59081
7693
7572
24110
48292
32941
33240
805
37795
62055
64593
56500
32328
39354
12328
41113
13541
35507
64247
33312
45767
55262
56017
1605
42985
43662
42881
39651
35558
4183
15618
63425
7136
64003
52998
38268
1606
24981
28717
47137
45850
34104
41987
12360
38666
23703
47073
18792
13168
4334
19806
10250
57905
33234
33927
25605
36003
764
64603
6314
7164
35443
34589
62644
17493
60986
59709
26969
42643
9939
8727
12784
14917
65090
28772
19470
22728
17368
44936
2780
27660
57825
49940
45613
46538
27326
53954
43406
985
52629
62831
36582
25202
6847
14776
65280
62794
1886
32301
21923
23037
22450
33977
58091
34029
8128
58105
45023
26017
43464
41226
45481
9054
14264
21574
28723
12275
34668
33636
57529
59883
64327
26378
18469
13573
25921
44946
25847
12215
12103
60725
59540
18123
62820
64600
16439
63985
36542
54212
61853
42900
31861
65129
31941
21714
15773
61154
57585
61233
5222
32685
10060
37694
51150
27414
8822
12012
53779
28146
35032
53978
9084
36798
49478
33648
11864
52488
56591
59545
8103
49550
6480
5477
61198
46091
12341
43998
23459
22781
63714
11843
20266
16511
24487
21787
34967
19862
10792
11286
64156
63242
37719
65495
4152
10666
60599
46402
46444
53511
13685
26653
41566
42267
7371
4590
14456
5465
31284
29710
58065
3668
15907
12772
64877
49202
62070
43387
20506
22263
8479
31990
5849
60808
17696
19709
14772
2961
22536
2052
23721
62300
6007
6673
18023
46081
4456
7933
24051
23469
26823
1425
23866
56560
59177
14780
40652
53850
39129
44296
8269
43829
21932
6632
9048
50696
42516
42069
25496
63238
26665
25423
23393
36061
35656
44152
54062
2302
37093
7821
58914
1156
35548
35539
55179
25741
26521
54061
11667
9532
12150
55783
39291
39968
38054
3953
58356
63153
52241
59781
41001
38540
20301
48432
52178
60034
5027
6310
2245
17402
2580
21812
26854
54311
21685
60411
2612
24492
10651
8093
61082
41814
61058
60902
60649
50879
14497
47313
21702
3427
4948
23481
31397
31912
22471
56661
15733
28782
43923
14420
35567
35067
730
47757
42320
31635
14705
19867
57739
39395
6420
45312
49641
48618
30985
58494
57422
32533
17768
18836
57621
10918
52632
50241
9851
10964
49552
50803
37696
16447
16639
39792
39884
32487
62748
63866
13073
3062
53220
50617
21504
24497
1510
2432
30087
1083
16419
52979
5057
43277
5534
7182
4272
5861
15426
28924
14659
15511
13104
36612
1572
14409
36845
59059
50853
31705
27367
30772
33294
34575
64508
63658
15168
3591
10828
10513
2674
765
28965
49405
25772
50916
14327
12610
56556
41770
26341
61108
38098
59321
54330
24745
55104
57472
53478
46720
37863
8672
48535
11779
41406
30662
61880
17248
37880
12415
6931
22412
21168
6476
38576
58518
40782
20403
8833
19112
60062
24571
45658
48281
59687
58738
64004
6025
57746
6429
51027
39533
30181
36788
62701
19123
56826
53258
60858
39613
9599
10381
51157
37411
15048
17634
22427
57824
49124
2718
8409
1055
43163
43926
61000
9039
41915
7180
1789
3166
35127
45144
10793
37064
34521
24020
41018
18424
25649
34511
3322
28094
6440
41218
7251
5485
46721
14744
47202
47879
17524
41657
51560
50445
45377
52882
51321
2163
25190
32114
36868
62289
55919
56430
21102
23007
44740
12641
62869
55285
57775
58442
51684
10708
63411
37366
62371
43364
37749
43
46186
61288
39355
21445
43292
41713
38938
39881
47106
47629
44946
25921
1638
38031
41620
23963
49072
58047
30335
25814
8422
8411
37371
37751
15475
18728
32081
54015
63853
1987
20138
19786
22017
55810
14776
6847
56204
24964
59178
57721
12206
29495
46922
45561
22420
60500
38423
23372
10051
10649
48178
59902
9578
2348
38919
23953
60084
58633
45374
62877
30488
29205
7127
7554
33806
55300
10506
10045
12819
42821
23610
21833
49182
53022
11084
10410
25998
26715
119
962
15589
3643
40551
3410
5413
51804
49133
45192
2190
27623
4150
14242
40671
2400
35813
20919
22756
20985
30782
14902
7869
7652
62457
56539
6136
63175
19051
31380
49898
52367
2373
26198
792
1581
55726
39688
50977
23840
20539
64297
59603
21436
26822
24086
30239
29468
55954
60983
15527
15562
65343
14745
60556
44608
28355
31692
4514
4198
51953
17246
28805
31004
20489
10389
1813
252
54018
22804
20437
49775
10299
9620
37337
37723
18435
9447
47088
45298
46570
55356
62575
14175
47007
44875
1548
50889
12238
2100
43800
29062
39964
17255
7978
22175
11224
52167
24092
4974
39420
44729
58025
22746
16687
19705
54835
30065
47570
2925
38263
19820
57838
8076
19977
1852
65368
41059
27537
3735
33054
35441
40970
44476
31711
44510
34630
55861
5122
19887
56418
47628
19137
50237
6514
27210
18666
17242
10291
7990
51670
50608
1865
2810
39650
61423
7438
11623
10187
15483
42061
61949
13215
3146
21286
41010
2069
25413
48675
61128
52474
3038
5262
29138
57137
61246
11507
59418
14678
15120
2054
2570
47226
54612
287
1066
22599
33569
49373
22502
47976
56685
11553
33989
16293
13525
56875
48405
36201
22116
3665
48264
25055
55905
43783
14446
24179
15411
64307
23521
9563
6411
44168
44022
5586
48745
14191
2183
31755
32307
59747
47449
61728
62667
58418
47009
38500
38194
10673
11309
40845
12859
50593
51518
6629
50645
55938
57216
54259
55542
14255
61494
9229
11597
12883
40803
44951
21914
34778
47
31668
246
36370
56702
9150
47559
18128
5039
8417
59841
39244
50667
61007
59720
44123
684
43038
14715
10841
45194
27873
54250
37220
60873
38231
45286
12252
58487
20566
22123
52033
38840
6524
7892
61896
6122
4301
62488
51064
52442
47715
7772
10102
50368
14013
62699
40996
33002
28156
37571
4733
61501
38444
24522
41849
25507
2975
28483
7637
7808
2372
462
46323
36451
19118
63303
55874
30865
1372
3467
38735
15119
27574
22943
61606
61910
42124
30308
52339
12600
41522
44982
34811
5603
37533
27517
43999
42601
35139
55608
55127
39227
58349
59964
15704
16020
18063
22645
17254
14202
19645
24002
9926
59914
13147
9772
208
49622
26771
24815
49237
41753
64239
19132
5646
5009
62329
44922
46759
11565
57816
11263
63800
23828
45039
16286
22369
23127
35605
59424
9838
47223
17293
30854
46497
51311
28034
28295
16079
9672
58244
9735
26264
25233
29940
29050
3886
57731
63740
22131
27992
28244
275
42743
37684
12335
9511
10610
9087
48765
62596
36212
29121
29902
22729
21311
1118
21518
14002
7052
16300
40869
13152
20230
60557
39581
2575
39062
59745
59765
63965
65184
27026
25748
30051
2402
44973
62166
60789
36395
52763
46069
7891
30941
50108
37323
16588
22815
22710
39451
27195
26422
29089
21659
14941
51176
18797
46246
52028
51375
21046
59096
30815
12719
62642
13495
10448
10447
54097
54878
25766
23792
62472
13316
15769
17715
4615
5179
24142
56515
39254
3039
25714
58243
37870
56812
41984
63542
25549
19962
4155
4499
57600
5576
9497
25584
14824
13021
44437
42060
59358
45543
42479
42312
10239
49256
30286
56645
6345
32458
25306
24424
47077
1160
32508
23603
52476
52819
16696
18420
27728
27530
37718
38411
44479
13833
47037
2893
3695
3338
16335
9480
5834
34342
30251
50708
2873
38725
1033
1716
15651
50411
33389
36186
42048
13382
41572
63848
7413
6904
5144
45009
14888
51951
11262
62835
4024
1039
57526
59882
38134
309
28241
27998
12791
50051
15069
55972
65359
57279
4092
1525
18553
44748
47843
49132
10772
7211
33274
33964
11991
60444
13988
12899
1065
13980
44501
62201
54562
24750
14803
58405
3645
2884
55249
34014
58606
32678
13890
3917
45766
46794
10247
58700
22590
33730
34227
44758
57654
61002
45820
17595
6916
51976
20954
23177
43726
63715
56599
53781
4399
6860
26951
53556
35837
7841
24194
38472
60030
9945
56585
45553
50131
49341
58369
61184
60251
15125
40847
185
58712
32938
15369
16991
8625
45355
60010
58968
18575
65392
19204
11463
42222
41441
12493
56783
21029
24398
28229
3835
45409
46346
64237
17588
37963
11131
31314
32947
10546
10153
32286
16096
36576
21778
34014
55249
18260
13167
60999
57651
20125
19299
36578
546
47685
54336
1623
16295
1149
56668
3896
59631
9335
4391
61509
19733
41321
28338
34037
53670
5946
4253
33069
33738
35751
36011
15869
7885
62697
62021
40050
55834
14164
22785
8079
55922
45979
46678
59992
60565
6903
22509
63698
42406
65471
20238
19353
37180
39916
39130
11185
11150
34878
54324
33802
36621
34633
45680
38403
38412
39804
40181
49271
42345
59369
47839
5697
12087
16878
26199
25091
25076
29242
8761
25660
63497
41071
23039
26169
21061
53124
28899
8531
50500
27600
26837
5871
34250
320
3663
2973
31459
30660
8946
41447
15361
6782
38362
40542
43221
12241
39665
53500
57343
38900
57470
27337
37161
331
3657
46061
61405
43764
4039
48177
47534
14549
34105
24514
26873
63770
1377
39780
22288
2802
1863
38841
37487
42136
14996
57517
33923
48871
44599
30814
59227
19952
2534
54350
53569
57397
61424
32403
62365
24108
40313
36530
58228
25060
57065
24841
3916
38138
18130
17038
17653
12649
18707
33627
55506
7125
58265
39017
26777
147
18692
26871
32466
56784
48086
48756
1418
10514
44417
49941
15939
15271
43737
51564
10511
35722
51855
26212
43731
17285
53077
34358
38373
6159
21814
41108
16211
50462
15699
39155
36783
20860
61548
20707
59263
33101
33594
53324
27926
61135
57109
40293
55204
3354
40709
44469
44725
65496
62090
62491
40078
63615
44107
39671
22327
19449
5541
27799
32289
32407
64800
8063
55421
35002
21693
5320
8901
48506
27776
12937
44268
46501
35141
36910
40447
27769
21023
31836
29172
563
18082
31990
8479
21757
7320
58386
45518
51021
49554
51496
52449
52148
15994
19682
19671
35182
59415
26816
12587
21156
23805
24077
29160
65197
65012
38531
53149
18439
53783
25848
4584
19339
18860
48694
49970
27000
48828
27450
26311
41137
44990
7540
5509
42166
33519
53169
28807
47544
5190
43264
65217
5897
48221
51624
49514
3588
50123
63659
62852
29022
3493
22378
21469
6393
7161
23069
28941
40883
1036
59396
17160
2462
58310
33727
40612
16721
26794
12506
27634
62331
12121
49575
52282
56895
60847
9687
9491
35554
58857
26712
54657
19246
19825
34074
6353
26430
2727
49097
48600
65440
16234
58351
5085
54682
17369
62792
16446
1053
64132
64396
63066
35397
58619
57247
53088
60425
57946
62959
18047
63870
63771
33374
54495
32954
31118
34213
19266
57913
51207
2505
57005
24890
41906
17589
16187
60152
50289
24162
26727
6960
62710
56493
53923
10358
64243
14161
16481
42748
41983
60473
56801
53115
45783
22805
30434
61179
63202
63988
44438
5024
5883
36684
36417
15348
8920
32389
41176
62142
43441
9710
41561
27786
61049
32896
45557
53226
46383
46185
48995
55911
56426
52601
7721
12141
30462
50122
49196
41832
42992
211
47820
3127
56925
11395
36850
14505
10255
53788
32142
3121
2478
63193
38488
7304
5588
11723
19171
19259
52368
39984
36943
16572
33385
13976
12865
28663
25370
14675
2653
33443
55468
30580
5240
3672
48257
22983
38167
29051
43645
57091
54281
20469
7769
25106
39282
24246
26890
47390
15191
42099
31452
52945
59775
64417
32893
13003
16910
13388
42438
46618
46104
1299
3577
10714
9706
62134
12987
13941
41011
29712
28949
59594
60186
23316
65143
39062
2575
14664
15505
38135
20798
28286
55157
1797
58122
61445
61372
57110
14844
64781
60342
3179
29942
34305
35328
11869
11439
15566
15023
14882
16254
6725
10857
29263
50254
48423
45605
34771
33494
28529
11393
64411
63943
9359
49594
47243
56293
51937
50464
16741
33266
7256
5476
11708
40539
20750
30198
45964
8215
32865
33120
5013
20620
10075
20186
55598
43927
44745
15740
57863
60827
50652
31161
48255
53435
19248
5378
33434
17987
10121
49599
1862
507
47194
30167
58283
55216
35532
64951
49079
36786
5325
10788
6295
13740
14723
45789
40297
28135
11332
49613
42038
6506
47726
59475
25046
25957
19463
19523
43988
32952
53672
2816
22521
51795
61006
59717
59289
58259
53645
11316
14807
18866
36692
59916
46044
2907
56702
36370
7056
6449
51940
2681
17792
3968
21007
38652
61713
65245
14792
15476
51640
27518
24552
21663
11364
24995
25938
28544
62547
41320
4827
45371
62583
7563
28350
40096
13875
42694
25630
32140
10404
8811
47031
51224
23115
22320
54077
7743
16341
2224
53926
56491
10178
26662
13718
16192
627
2217
52942
9679
3271
626
23946
32263
31327
30556
29070
31765
58052
43272
42049
31432
20533
65068
58938
11643
7425
34106
57822
58251
64118
50510
35756
36004
54717
57266
58980
60012
48550
45107
18549
65111
33752
57300
51810
8950
4196
34499
55156
54140
24747
58513
203
42414
40936
38047
57201
19585
54623
38384
