34305
43419
56641
64850
39173
50827
37268
41942
56548
36469
6029
43112
21550
8252
31698
57860
7942
62087
5178
17231
19604
37689
46886
47302
53283
23034
24647
60377
7418
21178
43671
14722
35144
25516
46265
12216
12343
15178
39284
35826
342
35718
3866
51083
17440
37485
7253
30688
41428
47210
1565
19016
28688
46451
22712
59129
15310
46467
12369
52709
10497
45448
54268
62914
1425
56771
55607
62006
59916
17402
6506
21810
38639
14791
62327
16683
7863
27274
13908
18968
49986
15884
30074
1478
54147
25496
59809
62617
25594
47130
45813
20909
2117
26437
58893
35814
40102
54090
47677
4259
43325
15498
44198
52719
25823
23677
2936
14797
23813
15329
32154
33121
43815
44158
25178
34967
670
40236
50083
13133
32946
7350
46979
31226
27829
44146
1378
24197
5186
7462
1017
34513
1299
63512
52399
1236
53571
37725
14331
35940
24965
61845
40780
41586
21058
25931
12531
7659
32302
13114
16520
1597
42887
5494
63924
2982
48094
10919
10982
7419
56060
47239
3624
49208
780
45536
15870
37495
27764
18212
46791
20607
16459
47538
21818
3403
11814
27104
2029
20256
30970
64582
28955
21265
53322
44544
19268
17829
6245
33139
44050
6303
7615
21671
62847
12900
50373
31158
36389
45559
45173
22080
14397
21016
56166
16242
55218
32809
41740
26161
35903
49659
50955
53584
8766
26824
65060
61041
4348
64472
30927
58148
18586
18355
51675
8901
3033
34505
5765
37788
8939
10259
9225
46795
54151
58411
24613
4352
5370
22580
1789
378
8921
57133
51883
3030
25371
24546
90
36675
63626
17088
7124
40094
63476
19777
305
38785
2818
58460
17848
26819
53743
58889
50963
32070
6372
32956
12566
52202
55468
35436
21208
39107
64835
1995
18660
13622
42661
13949
56206
55254
56170
16529
27311
54889
31014
8828
32371
2595
20042
48362
19908
16867
62524
15571
25985
17845
7449
26559
36503
13576
24160
55199
44786
30764
18632
42570
56667
18507
40185
39406
3003
32193
31412
22485
23204
40433
49427
46412
34660
50802
29222
1049
2328
38856
25697
19594
23118
6632
22604
32970
36907
37429
61797
298
60743
15191
18804
6933
49825
29782
7750
7823
29717
1965
6814
41154
63646
39347
5761
43157
57138
63390
21691
35317
38933
56895
39757
40435
15026
882
43854
35469
17558
45962
10272
15665
4743
10469
3747
7592
25895
7013
21028
56502
41894
3471
2946
24847
31980
22841
11328
17512
33726
60088
482
52476
57719
2582
21813
21937
47626
54923
23120
65165
50268
13503
20138
61561
47565
29736
63433
13976
40463
32461
60461
49620
45602
63002
1033
51653
10045
50104
35098
20437
10778
52412
16608
41812
10339
29076
12984
61672
23057
52353
59286
40436
39484
54726
21681
3418
46393
48921
39633
59369
59548
43546
10566
6783
37665
52116
62065
30777
42486
32726
56610
48242
64469
42328
19573
22486
42263
3476
34791
32829
5532
24902
32420
19482
22051
1426
21117
37528
53654
2700
5862
10335
31033
2486
39387
36603
12078
56097
45906
2255
60276
22324
62509
2397
44750
468
39015
4808
60598
47299
15713
391
57778
2850
10937
44326
45697
18521
43108
56598
8579
23565
5324
47212
36319
48121
30485
41835
1794
24340
40125
1509
49633
55519
6765
43512
36783
39412
55782
10092
35091
24610
30950
7991
35272
50827
56667
62895
40350
43574
6866
56170
57705
2458
41094
39182
38978
52495
1874
5631
22314
52980
5961
24475
24247
4709
42448
494
57936
11927
14155
56134
54734
11826
54768
59054
3378
56720
11513
41737
53315
52044
42385
6795
11821
6522
63215
64719
33659
51985
61029
63428
39009
30
32709
15795
7080
51563
42886
117
40204
64710
8042
5022
38698
2324
33414
23969
12336
33258
54410
406
33630
39856
8968
33466
31403
16805
28005
49848
18067
39736
14559
54292
24459
61299
51171
44868
23181
11274
31962
22184
25863
50090
48636
37485
2498
46934
34479
47235
61622
49224
45389
5674
49613
10283
13160
4897
53270
24980
59971
47870
23223
52435
20823
64474
15303
38498
55046
20299
6638
62943
63143
24208
29338
58865
44857
15753
8459
6462
7174
4503
6298
38780
58121
15820
1581
33612
29266
16974
38222
56371
20780
11742
35404
30980
55960
49057
22067
11669
51003
50162
37992
22642
45505
58139
64422
20773
36146
8196
11777
49238
4863
25605
51702
65092
58573
3176
2126
40665
38513
52273
5111
11450
12458
22030
2462
2231
57679
40321
47401
22155
52984
64083
20353
8167
53892
32560
46626
43511
27217
25613
43324
58672
39996
20616
12020
45004
12484
25173
48722
54362
29901
62451
43096
61800
11878
686
23506
42993
10355
50391
39929
14700
16290
30005
32797
4477
32055
20691
61547
28483
55607
23808
5505
4630
19654
6024
49744
11030
31517
25077
41057
24781
3904
9249
10676
40583
44597
3744
64350
16068
60703
11866
18778
33937
58799
36016
33806
31352
47069
42936
24624
16279
2713
55950
9238
61270
43588
2102
11996
35726
56255
10724
45065
12855
28101
26974
607
16503
63134
18336
16374
64942
26579
24881
6799
9165
14826
4420
60836
22998
35419
10055
47342
31806
17057
19975
4275
28271
12043
23483
35714
19082
29915
2039
45060
17489
29505
30623
40826
25701
20742
49972
38408
17182
52914
49417
33909
16821
21854
9258
38225
49024
5345
64399
17401
8639
45655
54087
62344
4801
60427
45253
54669
42478
31224
372
54118
42564
15501
29177
4491
39404
63068
16247
56529
17518
16603
1593
7426
40799
46665
9497
36878
59771
46372
34587
31950
62864
48091
2464
6387
48374
51235
62904
60952
60895
40202
1019
50335
64930
48513
50382
30576
4497
56111
16620
60362
42178
42871
12721
59095
15283
64930
25527
31245
23132
38950
37539
2970
12411
36850
40951
57293
31823
23481
18295
2151
46567
51629
29371
50473
38079
46983
20070
17979
25171
54230
43943
37488
14174
22022
10493
53555
57550
47187
7312
52284
11420
49262
14363
16451
2219
38191
61157
56339
59075
33775
60695
5285
1030
41462
18735
19127
1915
4737
7123
4269
54814
33622
64879
14141
15194
34968
33858
64338
39874
28490
10638
12372
22012
3345
44016
62934
45804
2740
8140
56949
13628
19820
52561
42191
27910
25915
58033
44498
45518
3958
28210
39113
23823
9934
21269
55809
13842
61974
28808
35726
11350
6218
13239
59005
48979
25616
27030
10353
48284
42311
9067
16220
19032
41971
49175
33205
59943
30821
65399
28898
44027
34716
37665
20225
22411
15704
27139
27326
19595
64137
10753
5468
51707
3305
30318
57576
14218
14477
63193
28443
51998
13484
32691
24047
9111
21823
17990
50561
16810
7809
19987
15620
38609
8353
2914
60756
61785
39144
28367
57028
7020
28605
7099
27882
47412
26967
40029
57687
60321
58189
12725
46945
23293
58965
28070
14461
24256
54380
1592
65400
16554
26130
48261
16104
55067
30992
7672
12070
12552
40379
40311
65263
18647
53302
53347
36596
43584
17063
63886
33566
47093
150
44559
46321
35596
25218
8626
2974
37739
14282
40058
46590
11089
36833
30216
26031
63466
30180
19831
45724
38166
2251
50919
20032
4392
6676
62417
29450
40930
16634
22516
57913
58780
10196
22686
5437
55760
46217
54106
44696
57460
13555
48662
41677
59041
10019
25592
17434
15854
15892
29795
9919
16234
50346
29649
38141
60335
19101
38425
9623
32932
15499
39856
3312
36477
29591
55315
28283
57184
15587
55360
15072
40558
22002
31693
54323
51871
55807
44531
39438
15831
56592
40524
58743
14244
30812
54787
39305
23319
38572
59968
60881
35562
37183
65220
45530
34027
45595
25905
29627
45546
56178
18218
13313
13894
5939
20817
12928
56645
30939
7111
2431
22428
20103
1928
37195
43060
11968
47695
17524
4772
9868
4817
27515
43670
30710
44003
48866
52669
26544
15481
55714
33686
8860
21055
6067
44572
47855
42620
19190
59615
31732
41751
56972
25495
32587
51060
52608
1781
38467
19602
6981
57984
47620
55743
58011
25808
33404
34260
43577
47706
24783
1004
63046
54289
15280
62893
10889
45502
45577
25823
38656
49474
37042
43753
50297
61667
24929
6786
1972
16837
6660
62822
7557
53109
26765
65248
46171
5030
33311
30951
62512
37674
62929
21911
46684
50087
22017
2089
11551
15357
27618
2762
64515
3621
33796
47552
61275
55207
64336
301
18345
41144
34572
62732
43823
42936
23223
59837
35305
3128
28982
40113
56942
18541
28643
42962
30838
23696
26643
14790
40635
27361
18941
58066
26690
4729
61935
35256
12381
17356
48365
26557
49785
1059
7209
44488
13107
39125
27879
36821
4539
3745
55650
19713
48675
7889
55622
4335
63010
11604
5480
25812
50514
42786
17608
11715
5169
24434
21434
38036
37235
46394
26051
39311
5116
41535
15914
62426
47032
35566
25195
59704
32675
34799
37265
34099
25200
27556
64547
53612
21968
22417
58367
60768
29310
4240
26166
53502
34766
41291
14277
56612
53185
63791
13896
62106
33390
40057
60221
15989
37776
51799
56355
49044
11257
46923
41594
9532
61216
48538
54966
43352
47790
42266
5560
23757
45998
49056
22168
41447
58858
17440
16435
32208
61787
24356
33501
51020
58480
41301
42837
52372
54502
17957
46400
47980
35750
59921
64332
4192
25620
42362
1813
40149
44629
22165
23179
12910
4933
33607
56651
26479
62854
37072
31297
11363
12723
7464
5279
28784
46291
41857
54097
61252
51483
44746
61512
20136
36946
15592
23160
64044
6592
33892
36732
1852
12713
4158
62379
32790
29278
18289
63360
35087
47401
51183
8191
22124
58302
6924
41811
56512
29130
46394
20057
63234
22432
40212
44342
31206
34948
8266
47364
27361
26050
26504
57656
4645
30151
40254
29547
7689
33426
27114
32205
52058
57428
7126
45809
25929
34368
23172
43081
18350
8417
63577
45155
40934
15929
51025
11733
50273
6097
56531
19279
33264
3016
40651
41216
31513
18753
59172
9942
31309
33719
50209
13074
58552
13472
59701
49994
25006
13945
13405
59240
8828
32400
43150
3602
15899
46283
6841
20376
59750
6792
64067
27597
17384
1844
6384
54476
48291
34414
50486
52913
59286
45262
10773
24760
44287
5730
40661
25723
33635
56548
24691
46971
9813
62318
54227
17769
21070
33540
5213
6964
32724
10105
32353
20999
13281
16705
52194
12543
35875
9636
30066
5778
18837
2632
26995
7195
9206
51282
16621
37025
24633
12659
11047
48113
59828
32880
65113
24101
31403
32426
64386
35546
33329
58267
30841
50564
42905
61848
22877
11808
17830
49407
47409
40963
63469
2353
26925
41844
63364
63912
44416
1481
54058
38789
16281
7754
29856
8044
17
20021
13901
63738
60035
38731
58343
10168
46156
9955
43621
31443
50403
59442
38331
44236
25864
40007
48700
39138
29358
11371
46543
18201
16217
22083
3849
19448
44319
25775
64307
8639
4249
15959
60053
427
49394
29374
39998
31775
8731
65371
6249
48579
57582
19673
27355
28141
19421
37855
21753
44741
44209
60842
20045
25414
10365
45688
29423
50782
56264
34520
58799
55478
13665
20416
19406
4542
13459
32713
30827
46713
41221
19258
36719
35118
3759
14045
59104
22790
32783
61559
29315
36199
12856
40966
26557
45374
43075
15825
2276
10311
37987
51412
39033
5418
32298
9562
41875
18027
12780
39998
4361
9197
50382
6649
14236
9208
10944
17819
36087
5012
19247
1130
25746
54782
32511
23893
44405
47104
60887
44172
24123
29827
39513
61951
8647
18628
64597
17922
45178
33150
2467
46960
19221
11470
23016
51462
11396
36632
63
9704
25502
50639
43932
61224
63353
38275
34350
39874
53299
11676
51521
1796
61521
16441
57386
35514
23190
21276
33437
64232
5243
14680
62140
53989
46731
56216
5911
44387
4888
11516
34319
21008
46232
59196
36272
11300
14265
59074
5249
30203
644
63114
57769
55427
47414
28914
15192
56362
38832
17737
25902
44914
61490
25157
43406
32983
22176
40724
51472
48649
53213
29185
62149
47976
61976
13097
41115
16908
50834
45141
47466
44434
7649
7666
47668
31572
19109
21234
60307
6022
5434
6388
42769
39240
64828
61068
50439
62097
7992
51813
45628
31306
31902
38912
31722
40309
39399
41055
30938
11877
45038
56871
48034
25751
22576
16514
40541
16398
14477
3346
64192
49113
19266
18944
6502
34350
15627
37481
38401
19965
25731
9258
9219
38052
5190
38696
55757
46380
18418
33296
23434
430
23117
33452
13857
34318
63844
27196
39451
5885
3471
63743
60831
25395
39810
41970
41514
31954
25942
15615
3123
9319
48468
32846
62646
18892
22200
63658
52833
35380
9459
22781
38656
38724
44166
7787
11559
42341
55621
46230
10272
11350
63848
46537
10904
38279
33577
38704
52674
20944
585
60860
7837
20152
46602
19580
56037
46113
47365
57678
25382
33780
31034
1022
7932
17785
58298
31969
17865
5804
57673
17438
4637
57891
61957
46182
56109
50545
39835
11880
58583
19496
52019
1682
2220
22132
51852
20286
32480
25536
15667
23426
16743
49162
47934
58661
16272
51099
28447
31738
52588
23996
49828
26629
21021
7308
44655
55773
41863
58977
19844
60575
53509
11561
58051
49293
58778
59049
5917
29025
31212
40246
6129
63631
50977
54179
20537
45789
57311
5754
22965
51323
62051
2842
30654
35362
62985
23690
62962
24712
61221
54117
20441
53651
23398
25129
44575
35641
65090
33887
21956
43905
28934
14347
1720
62026
41707
62778
9823
4504
2546
47619
2430
1557
34114
38349
64380
48483
45019
19493
24705
32432
10403
52070
17602
60755
3311
36290
3929
7398
11028
41563
59774
43013
33124
26620
41859
60862
49643
25879
19517
48338
9502
39902
46035
45037
7517
46342
40736
23138
52804
4771
30029
38962
41402
56617
620
14510
7112
54751
6331
16268
23277
3177
62747
5704
35792
58535
58520
20929
62256
61997
39702
33430
3528
38397
58495
41693
64257
50412
41583
53192
6891
62821
14062
18787
24622
3461
42785
12363
10329
65090
455
13162
54875
25412
5250
48033
12855
53579
92
61356
63245
11497
39300
56411
64246
52927
10931
48318
27536
20577
62096
63679
32291
2380
47584
27200
8231
63430
62976
1860
18869
16020
2685
34254
23507
19541
57382
45956
25892
56407
10157
23118
4022
33789
29967
55266
39428
3604
18758
18273
13066
51020
45167
53332
34014
32840
6791
60643
53097
12667
45418
7616
46717
45797
63343
7048
5803
38313
55610
20616
11180
40289
8816
18609
11008
22469
26418
31704
12043
14584
36326
17753
42737
39103
40856
37144
23911
62807
8094
25180
34656
54534
22587
63629
14242
24492
26956
63864
33134
43162
21300
25114
62807
27640
5102
47454
19840
40253
2894
48583
41949
64361
54944
23790
30059
42158
57791
7528
18579
46152
47174
64191
19814
13245
53711
46241
35589
12233
51539
59735
26855
12655
28465
44295
38809
4660
19919
29766
44547
58196
24890
56264
45457
1732
54878
1841
53035
37638
34735
33265
12082
9259
3658
38531
11416
56397
45305
21993
61334
38656
42675
50329
30834
51793
32672
43839
17069
26681
49313
30350
4919
12510
22615
36173
35079
56458
34491
41030
48423
50796
30617
27662
38833
9517
33228
63696
60458
27907
38301
10781
17289
10820
37621
24234
33778
51500
52446
59107
10287
1720
27434
18144
8580
32245
27286
16007
2295
60415
32458
57375
44464
26469
23727
63888
41398
64995
47598
55891
58722
49846
21962
26071
40234
59421
4604
10202
31044
41949
24101
46516
24679
49293
25509
42284
43092
33453
64778
29867
7922
12704
4090
28270
2560
59278
20799
60392
6786
36350
15807
35346
35048
27044
50182
3784
63246
28449
20600
17327
30575
14156
29160
40715
4787
12629
26890
61300
41589
37788
52963
31719
708
35653
46909
56072
65378
27517
35781
1908
30747
25293
35628
29377
3778
55337
46867
46675
24042
42278
12607
63043
56167
56798
55
58157
14806
60937
27479
21026
38711
17688
28741
17074
45785
53669
45248
48252
61110
55422
8060
35874
55730
52144
64893
50476
4481
62115
45636
25236
65350
25153
63967
37087
10687
43216
63507
56211
31961
33086
53602
51321
65056
62981
290
45038
58845
6729
47217
12498
4606
15858
30065
32053
23516
26238
60179
6766
41580
16005
55798
9652
14552
64525
23067
34705
37537
9799
20234
14465
56422
27166
4614
43767
57334
32637
1236
37411
26912
25577
27477
47966
42968
47426
25412
30092
31014
28640
48346
59693
1394
51685
43519
51242
38927
27813
26506
1175
61879
38814
6837
10131
59058
45030
40545
48077
12908
19327
27398
24112
4945
31051
48732
64173
44862
54216
12473
39438
609
4848
60206
10957
58464
13778
32631
47558
2878
38343
64688
51540
37412
30306
42843
55385
4235
42406
64142
30910
9067
63419
32060
40774
6773
64284
19931
12113
15910
35419
90
64701
27606
49972
29177
10462
25415
8628
61353
59875
28198
1880
42574
50674
57501
59885
49436
11776
20701
46218
21618
41356
29521
51954
60434
21392
17755
16475
51846
15671
30337
17553
16644
23786
62427
3779
4532
2790
48418
8001
56605
59158
51532
1798
56881
46369
48254
20271
44128
21377
18450
45783
19980
33097
274
2815
45655
16162
59894
53012
5560
20777
62414
23602
27747
26767
50108
59409
31378
43745
56429
23708
18845
14463
12907
31103
58827
12557
5418
7941
54137
5040
7633
27069
36550
40182
14834
49889
37762
44498
5696
47393
25418
51983
1581
30763
38774
1537
27426
30963
16749
11320
11404
47693
50753
27395
52880
24659
55331
18451
17683
36729
46148
44713
31066
23835
51555
24055
26466
16121
33435
47915
16906
5752
27067
44978
12029
32456
58819
28927
18479
63174
41159
64386
57169
59109
29509
16629
34833
43943
26714
37678
6638
19324
25512
7681
29859
43901
52675
50160
25301
28745
55394
54964
5149
61692
6740
42232
62812
10265
8118
60441
6700
27994
5325
44638
22945
18718
58093
40533
43403
36196
15039
53666
49880
17276
58840
41398
13384
14569
34952
27267
8929
47225
10479
1783
23219
23173
33602
51810
22334
9373
8742
18745
29687
17484
28893
55990
62006
60590
64495
26234
21325
2574
6632
11417
36330
53923
22850
32949
46549
48776
59873
7097
25214
9140
28957
37108
39828
5429
58109
64746
17492
43246
60157
40388
61257
7725
24658
47661
21352
56381
4353
34539
53486
35207
31071
13007
58384
48420
65199
28287
25672
48123
26203
9119
57948
22581
39415
57519
18491
50404
38248
50252
24779
54513
27054
34894
25757
20078
60363
39860
3770
55956
2543
48214
10649
19948
29706
15101
29222
41323
548
11146
8143
13247
63534
63305
58620
5982
15588
31374
48497
33334
16067
17349
29040
43311
9877
21348
43124
36285
17994
25508
41949
4514
44208
4483
15308
16039
23022
3690
58504
39459
31810
44952
30203
29010
17651
9142
10494
46993
50417
55593
31693
61593
19934
11369
17635
34168
39054
50574
17408
57125
11951
20489
48484
15356
4702
57309
21394
59863
38417
13289
26021
56577
50735
51054
52949
9797
44295
41950
11082
9829
56626
22825
55752
18119
44041
51033
39888
33777
23037
11490
63907
44132
55974
34730
39359
14331
15354
23839
40304
26530
9994
43904
32544
6211
58066
46017
35479
6317
53284
40135
19623
62562
38459
51921
24536
63451
33616
15383
35565
37245
36395
52172
4538
50627
6741
4391
13735
64696
41084
34146
34767
42521
56448
20126
43112
13145
8701
43902
50624
17042
293
28964
24265
40884
31771
32310
54438
8681
20707
21547
2025
8850
19452
21983
3432
29741
21697
13852
24979
15099
913
3164
1997
10405
60386
16428
10654
50392
37039
20645
5490
32848
50353
19275
4582
47102
13670
32848
58463
2804
6718
44769
44562
58453
31934
48644
57580
5521
36359
24975
15789
36973
30739
11545
54188
2825
14636
31568
11214
14877
6442
19373
18039
46499
23251
45157
31740
60210
18
29201
33562
20330
48067
49812
14405
60337
57117
65460
38436
11012
41003
14882
37413
8562
48116
63703
4627
58943
11508
8526
23465
35844
27445
3894
31592
15842
17459
46968
50529
18770
22531
16382
53044
42302
54057
22994
7631
1504
60954
58105
22112
50034
20071
24310
22800
46060
11925
9330
59942
60985
16726
6164
51646
33632
21750
42634
55743
59679
26007
20319
20707
19834
62455
54910
9071
58543
39413
53993
10828
56289
47938
53466
57437
40270
19102
1342
45881
43707
32504
49273
57103
31832
25261
50708
57879
1669
53633
21337
49671
15708
16906
11772
38439
32603
48555
62006
61237
57495
53915
18314
134
46118
21089
960
60049
17663
58561
40376
7542
9852
9557
2863
46213
19136
6172
35512
17459
31777
32851
37035
47335
48425
15237
39728
28496
2686
61708
60515
18514
62687
41791
50439
45332
18957
43843
10398
34691
64441
33368
62321
12927
39001
1928
44737
37920
20252
19520
35963
39429
51068
40357
20494
26911
37726
14161
53334
33075
12797
2703
30266
26657
26002
47918
12999
29705
65268
18446
14864
2701
51806
59
7778
2692
59019
3110
12066
45018
53948
20658
45204
56471
27735
52698
31066
28517
28517
3857
20005
40030
58983
43543
38513
55141
23573
14469
38680
33710
2394
64560
49743
55707
29009
37363
38751
63782
8733
64659
9479
746
4795
477
34697
60504
56050
7670
49392
65356
38560
23670
8275
51547
56985
52811
7664
55877
45312
20513
34627
62658
54199
64337
41256
14259
36787
39748
10265
18325
48328
41085
63203
42276
22411
51444
8341
56473
30229
9961
48889
54161
41139
50187
34173
49308
59820
3543
25615
33576
30688
60909
16456
63303
41558
49068
31370
1351
46596
50502
21592
2105
58564
41692
2651
60815
57109
49821
18258
8321
37576
1775
36258
48667
50666
48568
56437
9674
30261
40278
39315
38590
27086
27919
24004
34908
30239
4491
8423
8270
59318
16208
10123
16893
59480
40276
631
55739
1144
24726
27923
65389
31210
1948
22907
10715
16685
63743
62253
22553
4971
7694
57004
38663
14962
30620
44293
28355
65297
57790
7152
28679
16203
32914
33571
35393
30689
40854
62088
46887
4711
44836
13995
10985
53999
32247
42690
24998
19323
31044
59689
38620
8541
53316
7220
24852
39432
8054
20175
28537
46751
31610
47188
28191
19059
45675
41533
1254
29368
59709
62316
36213
51352
44837
19799
34297
34206
38096
46942
45368
34546
64595
15895
21352
40381
49007
17929
44910
14629
63685
22773
50824
42907
58617
21460
10773
8346
22693
41738
11379
29537
9642
49011
19831
44438
60609
41336
20819
2083
60011
38002
32250
49133
33733
4275
12391
38303
24951
16974
32028
20333
42413
59032
25902
12286
39945
21592
54232
42185
45289
27635
475
63942
3573
38970
9681
59352
44489
8972
1514
28360
40403
36953
27603
17196
60584
53526
40818
18656
39755
24335
51433
19997
12798
45837
54836
39779
34610
49899
40107
29942
37773
51464
61518
43374
40656
2931
20534
32408
21343
48816
58016
7708
48892
17749
47665
10249
49609
29487
2660
40707
1597
45814
59634
53806
57789
23600
46097
14568
63290
35086
28607
51876
52961
15510
12184
39349
16546
31904
22814
30410
63824
14452
41528
36144
29471
51368
23774
24471
37290
38815
53649
18801
39965
52397
27131
13274
40921
21350
3295
45390
57510
54952
57349
36807
5673
45556
28848
37941
7805
8846
45713
62056
13578
40763
57930
15726
32455
54011
48962
364
896
59627
22759
9178
25263
19009
12816
33582
45696
43905
41810
30019
31638
2241
13471
64697
6922
63684
5868
54957
64498
57999
14231
28866
52268
20137
41603
4795
29567
27011
9671
25865
58168
10656
8831
399
21713
45470
51804
13159
22186
35482
6236
12148
18807
49595
32025
4423
43578
60313
58207
34409
56039
25429
39188
47860
63080
41358
3850
51675
54561
14463
61545
57030
20218
21245
404
58803
34946
45
53466
62593
1246
21676
7619
62449
30594
60757
43688
794
40945
38189
36423
52721
26135
16107
64488
52806
46576
434
41290
56589
57319
13052
8316
20293
21144
22855
4304
18889
53471
35293
414
6463
21348
12955
61167
1558
43763
34255
1441
64062
44062
65240
58380
26633
7649
2179
27949
40020
17084
27663
44742
5044
38738
39025
51000
15205
45749
281
41818
45138
50626
63281
22749
2106
16862
1904
4327
7948
8515
48038
23579
65171
8611
33453
9392
13762
50488
5883
58152
19009
19290
63501
35191
11430
12539
40488
20593
5879
19263
3616
50684
8619
16674
18008
45639
49746
55834
2077
28569
16145
57702
4660
12858
17496
38738
26281
30662
50976
32283
42686
18836
38009
25209
60835
58455
44454
23887
15478
29100
56732
25176
18898
19942
40155
44817
2985
62750
55782
48054
23095
11702
2190
63138
42719
35192
2810
40041
2752
30256
27993
56400
46013
13485
19906
63648
46873
40190
61691
26597
44955
46706
6870
15602
15060
49779
38484
50406
42873
55560
17060
18558
24541
41648
24970
1413
10901
61883
2117
18354
5025
54777
30097
38327
10371
62075
40923
9144
32117
51806
15104
39788
57436
11182
48900
59398
44702
9141
59976
45730
56986
930
60873
39404
10924
47207
37970
11028
328
26894
44446
8561
42570
10166
58365
61797
39970
18922
37322
718
1524
59158
45691
13774
23620
32107
14881
55800
50582
3730
2949
45745
2102
45901
29473
39141
32730
17191
58772
40319
41461
4096
31521
4215
39755
11867
17837
8541
56957
8216
10328
46706
4738
55940
15809
17901
47718
40038
47764
4599
49932
64019
43765
47240
13830
10372
9351
40172
51004
28795
10669
14984
51085
3845
49880
9737
27116
31595
62039
17796
770
64107
4587
21277
48443
29723
38896
33179
37693
41203
30172
44507
25083
31803
6608
38985
15810
41828
51162
24555
33387
36842
3028
47769
13377
54094
36523
54637
34764
4834
8776
18195
47954
46918
10912
44696
33837
46208
63588
31891
23288
20849
4772
6714
50114
23360
25012
15518
50551
32998
43848
51972
21582
50022
54299
53539
40412
64676
41743
62580
32330
61555
55491
60459
13399
46371
35174
8082
7055
56927
54202
59361
26250
14957
61904
46332
56983
47638
3150
44209
50240
17467
16501
14913
62063
53052
18282
1327
65487
52565
27309
61894
26496
12523
29229
48973
27150
35691
9355
61738
11236
42874
11593
6357
63644
61813
9650
14126
52899
52520
42698
26180
45377
2210
9399
63565
910
15951
14287
22663
62782
31557
25830
25366
30503
21777
60912
20831
41009
1229
18114
17224
56840
33498
40710
44740
52798
53864
37855
28899
27058
37646
43578
58903
47332
36887
26261
62079
34340
13260
58770
5174
63337
29002
11571
24684
13986
52661
38578
49285
45363
57378
27909
15113
63279
16945
27386
60036
35648
6442
26941
60871
25752
46328
27498
57729
40960
24712
56128
12854
7785
62718
31826
22334
63401
64161
12700
56159
410
22432
44622
12278
30954
61676
17097
2989
44066
41820
27699
48720
46196
37436
35974
59631
18050
52359
23741
54723
55686
11034
49338
53016
27406
23923
36804
15481
23552
19955
62412
33830
17767
708
35205
36611
42407
63761
41861
32818
5932
53486
6940
64977
1152
54873
13393
49741
12176
34627
57286
21385
50486
49443
658
23750
34348
8318
499
30272
34165
49979
43237
37674
46348
2857
46040
38459
13668
62128
7424
42125
39735
53485
2496
21825
25291
61733
4650
16177
22035
38519
48829
114
40472
28034
41550
11458
35724
36371
59371
5059
60201
1506
20155
2695
21138
23205
32637
64949
25087
61079
7323
56711
19883
15633
1992
8145
11540
25913
62774
47219
44733
62148
60993
14812
63958
1614
6659
34186
21490
4527
62372
11822
28662
45286
59619
18065
24329
47396
38770
17083
55085
64190
41433
26839
16684
14771
17014
29722
29780
48139
24162
56046
51129
21019
38885
53601
32648
53671
18368
39560
12827
46503
59099
14849
21937
45430
32656
29255
33838
8923
29443
45873
26763
37796
14575
48411
1532
26400
55908
25934
59580
13994
20260
8825
34900
30948
46355
50181
63276
16541
34188
16877
61015
54752
52472
52138
16764
10364
59292
39265
45163
62047
46500
3055
17319
56056
37194
16663
17493
54513
53054
9956
41006
28276
47173
13819
12729
50258
524
51491
38235
65292
33665
35446
14412
746
27999
16985
37195
58011
37016
20682
7094
43849
45331
24521
34227
59285
25970
59390
33733
24776
29040
24444
7776
43535
15830
8627
18604
63034
64157
51533
27510
8208
34789
39565
20632
58627
55354
6817
6602
4341
50725
9619
50043
668
54922
18500
7641
65400
41320
17548
12383
2007
32518
52872
2937
23513
9618
49369
17092
19439
50249
37162
12695
54065
38990
57302
6660
5328
30405
24470
32586
26191
24969
33511
12934
4033
15615
18318
28257
51747
28649
19063
52521
42029
38651
6924
38020
16497
64659
25852
19551
39480
22854
38317
15769
63089
404
11821
28595
53917
40915
47279
50558
48587
30148
5167
28185
12108
18386
52326
52713
8236
60490
57926
13558
60736
27211
54353
46150
52329
35391
35404
30733
59074
30363
12366
35394
14215
17094
31972
15941
61350
63217
49828
21193
46631
22068
54005
36478
55582
56634
51144
7054
45164
9401
20710
48676
39598
63141
43900
40139
53180
14434
20914
63773
30380
27343
59893
42131
48025
48467
5722
24416
13834
58226
51156
17513
61159
27936
39103
37409
28260
55794
62296
5079
30311
55777
17447
58975
31121
8129
27494
57488
31710
3605
41205
58472
6250
27498
35348
8440
17045
59221
56541
26489
46206
12824
13532
10326
29145
12915
40052
2021
4288
29276
25813
33463
8892
59784
7067
38145
46619
46988
19490
12362
45013
34319
21846
2546
47148
62692
51945
52458
12360
54353
38304
65508
30026
1151
20197
47155
25242
51152
28245
15149
32190
44164
58923
50013
62034
57141
35771
24490
42875
50051
2472
61735
57378
42493
8294
30061
1641
32492
9643
6742
83
40166
50416
38313
16758
39409
1596
16286
27164
64412
48233
29184
29005
27997
361
1401
10873
12992
15775
40936
35505
10618
17960
42383
21071
61417
42102
8817
38352
63238
30098
11867
43283
58838
24813
40027
54367
17853
16316
54657
46708
29587
31143
39716
5140
29114
9044
38015
13852
3233
63791
50301
63896
36960
7170
39939
41605
18062
29860
12762
34547
48608
13029
51705
35825
24086
53607
51222
39750
35320
43951
65026
50929
37079
65269
61833
62546
45532
61507
7036
6210
15735
57000
30221
54011
56518
5519
50339
49561
59535
15406
55984
35236
64337
6802
61776
27516
54161
34585
17167
63328
49504
557
15755
7943
15366
52774
35721
48819
53317
15477
28815
36501
42709
21272
10625
64856
59499
11436
26553
22328
50949
9474
44031
32590
29957
5729
46253
13023
34499
14552
37968
60193
54104
50182
54992
4540
58364
36472
55843
31382
15418
5886
38618
51101
35658
40444
1726
40106
856
2049
35925
33866
15541
43513
5622
48028
49793
42091
20483
35055
59527
16519
40172
51600
4555
153
47766
1464
34439
51593
25621
50193
22310
34980
22084
44974
36886
42385
55132
24792
19024
17515
21291
46068
48546
37068
64482
59803
16488
30071
51431
27883
35710
55012
29728
43960
47207
43422
65185
22714
5993
4576
28044
39055
1690
53870
22345
14045
13625
55403
65037
35917
25725
60469
559
61794
40922
52444
60149
23924
7417
19821
40792
32397
14844
23910
58818
12880
5740
50409
45226
42979
54643
32555
7720
62280
49030
59559
45797
59903
21115
26825
6284
26169
3673
25736
62496
41428
9600
15490
52665
17081
45109
56275
3054
36308
15565
20351
41760
35696
38919
10366
63115
18222
4535
50082
33818
61463
44652
12070
46919
45354
46914
2869
55379
62568
60483
44689
59652
35016
60463
20354
17449
14483
38560
14331
16520
43534
34165
17971
52362
9966
34821
20954
62365
8645
22934
6462
37674
32084
54701
31330
5235
33161
5425
51826
7645
57460
5586
35451
27381
61540
46155
58185
53930
35869
63060
23143
5502
59832
24025
13954
12722
18345
5783
10417
11346
6573
52392
26573
16096
15692
15786
52623
28106
15589
33372
59783
56371
39727
37986
35909
4729
48629
35737
46455
25500
9550
20156
53312
5228
52989
7274
46611
53479
38028
34055
32323
28720
55544
60384
38209
17653
61126
38434
36576
50391
5767
49930
9019
25853
1091
34144
48722
11175
22768
14796
56333
37368
15762
27526
60758
8899
42957
12328
29730
55156
54977
11562
24395
974
6235
28773
2053
38394
34231
65257
56241
25052
59989
1763
25518
64485
12151
58990
30831
25334
53347
17885
33373
33511
12837
17481
56625
51046
2597
29235
37674
11654
27198
64030
58536
40599
54085
40463
35144
45931
36998
19430
32494
1713
59029
62186
16888
19657
19198
64385
32844
53197
51778
61235
5017
24295
47584
14140
17755
52927
21855
27541
37696
48711
27679
11684
20859
10072
15468
12493
44382
59244
46054
60088
219
25129
14612
24987
22787
20244
53256
32344
11706
22927
15421
17215
3549
34809
25073
30053
31267
4906
60862
54935
41832
47045
22854
51763
35582
50805
9140
6408
26096
34798
36068
42668
30048
6967
2152
39695
42702
60339
8170
18612
26911
41338
14279
10929
42816
21023
3054
9513
28327
63135
44618
57055
43721
3387
56562
39773
18317
6633
32432
61052
63075
21182
14595
35973
61923
9030
31529
58030
62731
53551
2072
65517
14996
34501
38692
26891
6834
60794
50245
55894
1540
37598
28854
23374
13608
32838
15735
19884
4861
51184
56574
58497
12898
26009
41377
36954
13800
1196
29658
3671
38349
1051
22274
45149
35465
1829
5527
63269
54371
58096
13775
12688
40364
16750
46965
62390
65045
45015
26382
54564
64960
14361
1254
28271
7872
45778
30716
15669
34520
15787
27304
30627
18731
49246
19962
36021
52758
58524
15058
51442
28359
23152
3699
45518
2357
33866
63104
24668
33932
32613
32818
1065
35664
55103
26853
45418
16558
32866
49435
20031
29811
48932
64445
37463
977
29832
28179
27618
18180
33220
64797
54823
16841
51589
64067
63002
8259
21057
63035
6510
63072
12955
41555
2663
20540
35991
16167
35892
29930
5207
26817
12561
46022
5901
22310
52838
1610
64435
34090
21566
9768
46910
2598
56713
39812
3289
34109
4504
53723
3434
39555
48675
5525
8338
25998
26254
35781
30698
23271
42690
1818
20511
44183
59437
32182
60559
36547
29318
15776
17323
34019
9891
29556
6429
15445
29589
34856
36757
20231
17002
37066
43925
5063
15810
1008
25033
64786
36103
13201
11700
23485
35630
28190
23141
23266
25238
54913
18738
63672
64910
54971
36650
43908
6720
40442
33594
42008
50077
14472
27519
9543
13772
17206
6474
14411
6963
35195
60215
38456
38246
14611
1054
58131
35491
9415
38058
21004
43162
46577
64581
25236
59891
59433
6209
7422
6355
48213
50497
7306
11109
40718
11599
60407
7118
63923
12609
42718
44813
52583
28742
35506
26847
39750
23030
49319
53039
50971
10752
60099
30025
10366
7875
39309
31670
61760
4871
41998
15907
46690
57376
43667
13653
10477
22893
1857
39358
16444
59912
8413
18090
50199
62935
50083
46366
54273
20743
55063
2166
23806
11630
17810
48624
4004
56931
9842
1770
3335
45561
15198
59376
65399
49149
43095
8852
7794
40939
29499
15070
30198
59780
50770
46884
6038
28411
39132
59442
12387
15866
29378
50153
5977
55647
13825
37751
53490
50385
52524
24238
4946
56067
20689
50078
40542
6837
27890
27321
57225
25897
26249
22106
38192
55660
8866
15648
28200
21434
47297
30771
34969
47095
20846
16191
43682
15356
44692
54164
5469
53055
37136
36747
56678
9794
27517
22518
28672
45769
22950
6008
42639
60315
45760
36003
46949
7387
29495
19630
40896
38035
65455
64400
51379
1943
4428
31821
18673
14723
29481
47979
30001
37200
63881
28935
15437
30981
33590
64117
26782
56236
22551
38358
8838
11779
40275
2733
51261
44739
63685
17798
3676
39727
23764
31187
1056
44148
3377
13369
11849
52971
33901
970
58708
18279
34891
17576
25020
24120
7936
35222
15631
27290
15756
43378
43031
37851
63892
13520
52850
6515
57584
37770
23623
34702
19822
51155
60560
57081
64185
53322
55468
58866
53244
50348
34819
62710
51187
49562
35059
4092
64773
31118
5784
57772
23392
39808
19354
10771
18351
3559
28290
23630
17778
17346
10571
44046
46860
46280
25974
41328
19440
51248
8023
29673
56644
48145
27419
33031
18678
57827
25419
7510
20764
59833
19412
61462
35715
3173
62454
14649
342
37012
3964
56581
43324
12119
29636
1333
25474
39469
2663
18107
51007
36500
55592
36160
3506
10159
61568
49307
57628
4775
27394
3482
7144
33832
25037
26879
36401
60028
24227
62447
64962
59352
32177
61602
42256
28588
13308
42805
56003
56016
28290
50134
8740
60230
8103
34177
13284
45060
32493
11796
34077
43247
18458
63749
32565
42151
45933
39099
21338
61464
22191
411
26718
869
18725
18558
64119
17045
59719
13189
1914
48139
43577
41665
56573
50122
22047
38492
53702
52065
38135
36500
40789
40341
61102
59413
54092
63509
12168
64052
22818
64830
52834
62868
45581
10317
56569
11554
40674
6154
60453
16501
15369
5627
19513
5865
48723
37831
5406
30774
45001
5074
13523
760
63700
42579
28474
19254
52160
13295
41184
26717
2913
5082
57237
49305
27531
23821
6807
47392
2439
29899
44164
13558
52591
19256
31835
49839
41526
61569
8100
30785
3461
47410
29367
63776
29122
57858
9419
25161
19585
8226
8003
57908
28083
37335
2752
55128
12761
62160
55076
14866
15811
12861
64921
28337
1782
39079
22389
22556
4293
2465
27734
10470
5501
33249
52127
22683
1233
37081
52907
20978
63673
54613
49224
8706
40020
50738
37049
48783
35127
8397
31316
3161
65282
60932
43371
624
24844
27533
19191
28308
4001
30316
37454
60644
58061
34257
61313
15054
60179
1112
13035
35891
33142
34813
27114
35401
4909
27527
56969
18249
56241
26710
59491
14445
46479
12901
24812
57920
1177
62624
58620
17392
3309
58211
46921
16273
54373
57012
50934
30693
57735
17142
13700
15795
11663
25714
49185
21884
7924
12418
4127
3250
11735
34989
35725
8384
48269
7356
2429
22380
10158
43600
2496
2423
2228
35810
32257
51662
32740
45613
24532
2119
17992
41458
18419
58158
47097
31664
12702
60251
34847
46761
43582
32002
26959
46179
5436
52324
52623
3492
39512
36346
13151
42198
28002
26302
1856
25470
26873
63997
10856
16913
61883
59205
7539
6543
6662
25902
19346
43030
4897
16061
49114
60707
22826
41129
51506
62068
39807
288
64578
51094
20473
55080
62033
27406
35997
19004
1628
43063
51180
55856
58783
58626
6499
751
30390
22046
58104
32053
54595
45124
50478
22246
43403
52044
42364
59318
30323
35242
36887
36754
24119
5273
31551
10674
62691
20586
61131
7416
18577
62734
30987
18192
21560
29748
23979
49985
21966
57814
25413
23080
51140
11232
17296
55250
30939
2861
455
54587
35209
16053
42164
43401
49632
53867
40386
26082
61103
752
1911
36891
35756
16869
9093
35084
18998
12809
17273
17063
1538
36171
38581
58481
2979
62948
15966
46847
33181
56489
27736
41076
5176
10453
48749
49307
29224
37394
23158
29341
30361
63726
60073
38754
18013
68
49176
36810
27655
31778
27593
52054
48499
4917
36860
5986
40956
51497
25240
31836
58178
31389
41441
5783
61503
41720
36476
54058
23901
183
2
63908
1238
58309
21918
55601
19375
49555
36359
59413
49972
40841
9976
13586
15087
6695
17759
64613
38528
52920
62878
48361
7287
31629
2289
6348
16694
64275
53376
43558
39665
37997
42371
43865
64642
48741
8292
31329
38542
8523
7647
51219
32281
6109
267
31186
1715
59817
42462
59225
62700
30187
61635
38296
44101
27053
53385
59721
58030
15332
36022
48061
40286
18483
23910
11179
50366
49431
11252
9974
25248
54465
8910
36812
7320
3133
28837
51919
31576
52487
47349
46815
29411
33331
38850
23523
50740
15308
15861
31906
3344
60201
36681
54769
23323
7134
38980
32365
13331
49796
41042
46636
34424
19447
48762
26208
58558
8985
61813
59237
36217
4145
7506
55385
27882
37192
16192
48394
3702
59403
7793
1141
34133
16815
50967
14564
64459
33787
58162
63284
28599
57355
16397
39446
9519
6329
8662
17208
47279
11696
43885
30611
58193
34196
28203
45039
26598
106
110
11556
14968
44890
55370
15850
12249
5996
62563
18033
8880
43918
17205
43294
51787
57175
52868
37863
12615
29959
46278
7162
15499
47308
53503
5622
18634
32736
57496
60704
56934
9463
8832
549
46130
43261
38490
13872
25941
55142
4522
58551
30576
64977
55996
19533
18524
12794
24145
6970
15219
55020
64036
61249
53266
45330
43344
22715
24853
52662
9378
65118
58061
35020
42000
57114
22355
63384
60940
49993
5236
14231
51975
19206
23160
51697
6491
19415
11588
1024
52002
43850
17221
32439
44600
34024
24765
48141
20922
52362
22249
23233
15591
20156
16231
16555
9224
63491
33369
30891
52432
19715
49517
8767
10133
64258
53216
20806
44782
8680
44270
24915
25124
46616
6027
33934
8335
8513
2704
59601
25251
59027
42274
32279
64694
54579
51365
327
48729
11906
5563
5046
30417
41945
23433
62609
58200
18323
33689
47688
51875
45878
5997
35180
62613
34381
20828
65347
4925
32102
11077
36573
63302
29561
17906
21345
53998
9989
39469
50779
2341
18523
44196
60229
44651
20034
23233
6023
22506
58299
47987
44755
42896
10622
17633
22782
33089
45944
56923
11766
17527
17257
31425
7012
59575
16103
47669
13502
62158
63340
9040
16983
28957
32109
18674
9097
18158
54312
58216
56878
14303
39138
44896
25105
50993
28386
59778
4953
23722
30779
22444
49289
13395
28959
8300
63301
27059
1746
38622
44824
64977
6931
17054
5269
24396
30709
50533
15715
10959
18918
19351
55257
20582
20222
60566
58406
52020
60716
3436
29163
14773
30298
47744
283
7857
41842
3122
14401
42596
39205
41971
36487
48276
11554
56458
34090
62157
6195
14123
50589
57406
5639
11065
24084
57989
52684
11864
15316
64342
64358
3194
37214
6475
13271
14219
22286
65384
2771
63909
9547
45810
23247
15785
29125
45058
65234
26966
32883
31097
33098
5859
9088
30043
4125
61454
42011
53387
37541
25427
60859
21869
59635
59886
7262
38511
46747
25104
65234
38960
42212
27793
28969
13440
5628
27727
45817
14874
62785
5360
23510
51501
55775
31972
12576
65473
49810
48043
8067
34587
36857
48811
63947
21708
35953
45347
5290
58002
58461
40331
52783
863
19344
34061
43276
48474
22176
19832
60265
2121
8595
12349
18321
2016
42843
63589
3822
51579
57882
17782
6275
25408
61951
29234
62280
28081
18549
14253
23876
15896
39793
8974
1035
64206
47543
59254
14647
29913
15367
3797
63949
27474
27149
32540
15903
10015
52947
19191
27469
40808
25484
24014
48140
5869
64367
51711
32892
36330
15982
27690
21156
38509
42056
34293
20115
23742
20483
45683
57385
13307
13833
57019
21014
64111
2085
51719
14608
12609
14032
52546
1709
57529
41858
10994
10433
54684
12892
34894
43228
29741
43986
11837
31698
56565
8685
37659
53130
17498
62179
16678
414
45177
40399
65087
32664
13195
58956
44940
12060
30262
32055
58670
28976
58620
34353
35316
19467
6058
51866
43208
30213
48788
44371
32995
40928
63909
53423
59157
16671
13248
35953
35316
28146
56645
5571
11821
23329
12479
41584
7358
30300
42668
61375
64544
61504
58152
7302
10150
63848
17716
17372
11354
58490
34038
53851
59530
60422
5586
7749
28672
51722
37124
61864
40601
25709
23865
28062
63327
25695
16438
21248
48977
60798
16764
7281
56791
21503
35560
49606
8
30334
61879
53894
9901
62536
7268
8548
1681
37198
14283
62933
14289
19252
38840
47470
32167
49214
53275
22856
11733
18830
42795
16781
45461
51845
9805
28824
7086
31809
18453
20905
45305
28726
10228
11478
4333
26975
8616
23946
8120
44639
49568
34817
50640
65361
2070
11651
7472
37175
36114
11228
6906
29139
32353
11612
7446
56842
56001
37680
38206
33821
4581
61384
26010
8712
1645
64036
50393
61422
13805
19980
46796
49503
32248
47215
47360
1165
7667
39058
12465
4104
64399
3478
18753
25184
8749
24954
26732
47573
56052
671
36088
59480
40415
24108
40063
51504
32913
49616
26842
45539
11721
37165
43789
51850
59359
46955
63135
16727
21992
21938
49591
11407
15791
65503
22054
60460
14619
4419
30132
41773
55889
41750
23283
11048
51308
35976
34544
52268
33672
20981
48493
29305
50908
56029
58593
25801
7524
51475
20386
39873
13597
59172
30260
58827
62603
58311
10179
36431
41
36877
22992
55498
27975
40776
7405
60396
28404
46001
8367
4637
7033
2813
43464
58556
17032
2441
60306
59208
42883
23628
54668
46375
10576
4815
10878
45853
42445
27386
46124
21128
12643
32226
54080
41615
10331
15247
51614
65159
6971
59257
3040
19465
45322
38213
41874
7881
33896
17881
53852
54558
63412
63903
41802
57251
16567
11458
27939
14977
30350
37268
61117
23567
12590
37482
12143
18839
46246
44619
63617
14354
41079
34410
21741
59640
49651
50161
49466
2135
13521
51507
9015
18216
34290
8349
44084
24690
3985
5061
38376
46315
43442
16341
19010
33712
15878
13687
12142
26452
47379
28123
31115
24210
6073
11652
54339
406
62941
983
16324
58402
62369
43812
57306
21999
18483
64462
29083
29037
59092
19533
61867
26936
3505
37905
24830
34494
59283
6649
20621
23682
34358
31051
27317
5978
42584
1603
10093
31793
64879
26789
57018
24329
3362
24404
47732
42919
19998
23705
51090
47791
34589
61985
45957
41061
12795
31761
40226
57505
45587
17499
6963
34800
9599
22123
29883
19419
7441
33069
28420
35350
59276
24126
27523
47886
23956
56562
48607
2403
10636
45138
13102
2269
31276
33010
44558
17247
7817
42418
49913
52995
11234
3362
5006
50992
19863
56915
11846
9211
43132
45624
7794
12300
58408
3420
22481
14685
63478
35399
9921
14711
64984
46605
5901
59541
6714
37292
20307
53369
21654
34486
23193
42909
24192
47289
60808
53846
19037
40272
24763
21581
31179
21837
13203
34879
30094
17044
35487
58753
23502
52872
47369
10102
31842
702
52968
56963
52042
55246
1671
2414
31352
48107
18054
59319
15708
59545
18281
46388
22678
57137
37861
46965
21897
33637
52091
12762
19029
57329
56248
63018
52290
13738
48153
38643
16623
22449
29356
51554
58538
18878
35827
26890
60836
44416
21081
8034
46693
21059
40720
58016
25685
3206
15765
47735
11588
40212
12900
23264
31372
63834
51016
49938
7554
31334
30476
62924
53807
59547
47383
58556
30498
37259
1548
58657
53641
19579
62443
50801
37275
25882
31125
55794
38722
21039
56870
38269
53435
16301
16309
17434
9887
59540
64037
44167
34216
4940
44802
19793
11748
60343
54519
43381
35159
46001
33870
55337
23240
4973
64367
7570
62169
27297
5618
26001
25903
46688
62705
25143
49186
4818
38186
5923
39916
11538
2741
63325
57056
37670
21810
53905
34256
43782
14306
64240
28729
48842
2850
35026
26548
54466
14137
34861
63455
20686
7150
63757
60896
27171
38000
35927
33756
58750
49713
14755
39627
21193
18279
39786
10071
32628
64826
19506
58652
65094
5022
50829
53383
53509
14911
7608
794
31550
31213
49857
55309
4583
14701
62442
4756
29429
28961
28638
35620
57291
11382
56287
31891
9848
45211
23753
12290
1513
41398
51600
40096
30184
59199
38230
61163
64388
20198
62139
682
9703
26092
471
32311
37801
50674
50059
42420
49975
43984
32321
33367
45305
55913
37184
661
55230
53288
39973
34131
15610
20626
17298
8190
20330
20399
51269
54561
30730
38450
24160
3582
13477
16172
58903
14097
27816
3425
26881
53837
25227
57809
17983
42946
9767
17385
53139
59985
56751
61282
26281
30043
3050
22039
60467
18916
19434
26891
15426
2751
8695
11350
4768
31857
42289
522
36932
16677
19136
25664
45832
16456
53539
33659
58722
37193
51888
18565
44158
8844
41879
54322
47935
53267
62849
57594
53805
48237
45923
39970
25468
49259
43493
40675
12188
61903
6872
44968
45985
61705
58620
33016
18321
10954
53457
47929
14708
61258
22687
8992
57910
8012
34322
12190
24993
15339
57826
874
8813
18330
42743
26664
31878
41572
37610
28282
61010
59136
58285
51828
2068
31099
27426
60476
5631
48818
48339
47151
61969
51330
26223
47948
48805
50328
19337
44974
1304
32168
24753
16148
3850
4587
7977
24766
35317
1323
46264
64242
32463
51393
59124
42623
37917
26868
6751
55475
2345
1486
14344
51927
46466
41359
37129
30281
29017
38670
63666
652
51415
49599
33195
22201
23614
63388
5537
35490
60289
59156
36911
32522
20389
6865
42079
25876
3614
13237
4098
64078
4323
44639
25114
48997
23252
45440
40325
57666
14532
57693
10755
13324
15976
17112
59393
65030
31115
37015
10559
26882
14202
41006
60651
4646
47047
6938
19639
37334
21551
33795
2405
41581
62649
8057
54081
45085
36252
44746
15672
48139
53904
22641
3380
3657
28439
38651
28461
33479
43935
15903
19414
43657
30075
13924
45664
26456
53263
58088
12609
14243
25410
50493
11332
40836
61084
17916
55388
53525
34775
2159
9480
61676
49623
4606
34884
62267
10438
17861
43064
38241
49061
43087
791
669
57828
55005
42651
43532
46852
51552
30038
20569
5320
20226
6928
28187
12631
2272
28560
51104
33538
54734
62091
61365
7515
27163
41369
9458
18005
51596
16365
19404
39573
34017
54647
31249
26914
39750
14969
38242
18520
35370
22890
35787
29408
31685
8532
19985
63643
60332
38125
4223
16304
52368
3266
6891
38619
32904
24356
50129
37579
14040
49076
3794
12892
53541
8468
10745
13206
21473
43902
31468
16415
32023
37476
26020
41721
8112
30202
27845
48181
23356
34423
1903
824
20563
35188
30735
59190
22183
22148
6218
10108
38961
3028
44376
1259
59215
54510
43634
32121
64733
36383
64404
24389
4032
21780
26641
26930
56280
60241
14760
51623
36856
45762
6005
31427
52722
15755
35765
58303
40245
30253
44709
629
23746
54335
31521
35123
57324
25840
60565
13435
8870
34205
45432
3713
25655
64647
45863
14276
56236
23344
56033
59227
23175
60775
38786
4290
49765
57298
25999
17069
633
11569
37633
34438
57802
64684
26357
25348
54658
30034
17120
1051
63704
30693
26362
64445
5789
16496
14734
9002
30801
34660
54456
65320
62009
57254
1053
7276
47992
59422
61662
11383
61895
8703
44165
12198
54368
11738
13830
59649
27176
45992
35824
19372
1497
22055
24265
5259
62852
22806
9653
58576
57532
6291
18420
11305
40369
43344
18614
12403
9008
59997
59263
49324
1422
62158
45934
17772
3372
5832
49795
23037
16714
1723
739
34566
5994
53801
19521
735
20406
580
42218
38947
20129
21465
6868
10869
45654
22839
23043
9668
56805
12800
8726
47862
58264
24274
14375
36427
16411
44274
52410
56035
662
573
62016
36742
6863
64149
50748
1545
20389
12397
41342
49274
7664
49129
26630
21861
61698
39929
20469
10550
20420
58052
8865
16261
34399
2607
29559
54160
27584
27982
43029
11072
42003
61390
11225
6381
30923
45161
12802
41089
64121
56784
54313
17979
1126
33835
31273
20179
50791
35140
56330
29331
62723
29094
20309
58241
44020
31049
4225
36213
29501
42423
22148
37842
46707
15026
50544
46992
17449
15891
57556
20805
28004
1770
40521
50718
3392
31086
49622
51218
28552
20550
57264
57189
51310
25265
27919
405
45556
58967
24132
52839
41660
21887
43484
20413
8221
26813
55438
32680
21587
28239
10300
53714
47502
28016
24875
19408
46422
36560
62973
57091
64011
16003
7938
14736
54509
34815
56429
36978
29571
49359
50222
6164
26311
50667
7703
17784
50204
30956
62622
9331
54237
22005
9969
41521
35614
29337
21494
4660
47959
58954
39327
60826
64770
33719
32683
40076
30906
29830
32392
4077
51538
37899
34624
56908
24428
58711
58788
59622
31498
40672
33270
1560
64001
62080
65533
10081
58598
4060
54386
9992
39932
58516
60323
6793
32443
58003
4309
17897
32493
29096
2397
20553
53468
24879
43262
17343
41511
62543
53122
43719
7566
36444
21190
38110
56551
47343
383
3159
39182
30116
4086
52719
18504
50083
50689
33938
18569
56841
54897
61375
12273
49233
7078
47704
16961
23224
61422
43919
13129
55412
45292
12108
32178
63915
38076
24936
61691
2108
20502
52856
20869
27542
8503
10638
27134
8615
60965
38713
63125
1386
35375
11576
30531
43131
41956
12039
38554
46696
9641
39107
47948
37671
62273
13906
41550
35698
29962
54979
65263
44560
60231
629
31902
1104
24163
40215
16564
62375
43796
42039
13114
62883
10961
443
48184
1522
3529
30047
49267
37971
2576
35447
9646
10723
62775
58049
50179
51117
3942
16995
62048
47834
29306
62394
22998
33679
6326
19197
38710
63613
7342
42803
58151
35030
60778
20450
60720
9440
42400
30873
28198
63067
45395
79
8262
9611
12264
16240
106
4643
64802
36350
36388
33632
52085
60611
42447
19888
1378
35905
16840
38037
3536
62708
18924
44596
3605
2999
10289
56422
64560
19381
12858
11501
30896
9823
23104
32323
24888
36977
20006
22984
18197
4585
61658
25448
4866
4310
27825
12662
2567
5341
2344
57223
1393
19320
9000
40465
33966
23168
29193
4811
875
46365
23894
34594
45299
52460
31291
45898
6237
60667
56592
3543
63539
50320
9673
63164
14995
47884
12246
13439
59737
26317
51635
37982
1759
3910
10117
52501
58959
16786
28171
5242
20278
34774
38940
13712
11401
61540
53332
3394
18255
44489
45738
56115
39718
3626
65034
29224
49409
28254
35392
65005
1568
57474
45644
7701
41908
16821
64045
49939
37974
25858
27561
3063
57240
764
49910
54041
14403
60960
45193
44649
14695
34621
58790
60173
56588
40198
42746
7420
3164
676
14697
37003
19199
64607
49384
53508
38751
15574
18321
61694
61292
44625
58235
33675
21154
15018
22851
8665
12889
60146
3125
26096
9248
42017
62505
55690
37872
20671
34082
27628
37652
26836
39290
50589
62204
2986
42136
65301
61297
583
44841
59009
2340
1706
13451
40116
57258
37963
47629
64774
10750
36575
32898
16613
27830
21620
19674
24728
55466
53544
46493
53134
51647
49677
47694
29072
29800
64956
20892
11798
43700
25822
8559
53045
40168
26756
12933
23453
28106
29556
26543
6944
56790
11723
48004
10118
1973
62804
10695
41296
58087
28967
57941
8132
8996
52813
14105
3805
49392
26973
50572
38535
63681
40829
28427
32400
38727
1558
25076
65295
4009
50366
15172
9792
39091
10980
52701
15759
40855
47343
33276
1606
12586
48304
33527
11839
19734
34994
50976
53589
44524
44501
37777
14767
16097
4008
30956
4588
62983
4930
29784
21402
62131
2790
63304
35022
22566
64543
54191
44508
724
25444
43100
10273
19185
22080
33085
34112
7460
18651
29513
242
58082
4426
37470
49641
8344
51038
37227
27823
60095
38501
49775
33093
7621
49099
60848
8820
28190
61992
36518
18320
58956
7262
15969
2007
41909
37442
7450
48621
11738
49059
61524
55177
32665
42610
47862
51063
31658
22154
9214
50068
20495
36418
2271
39618
2335
63957
44640
37168
63958
10317
47368
47701
61671
48459
64524
2427
49784
23086
40034
26988
38860
1364
29392
2089
56240
39387
57427
23044
53994
26472
28630
14705
47794
30979
36849
3360
2214
25637
17057
52180
6524
63625
12765
49419
54121
26897
9942
779
4183
34413
59215
32257
65338
56109
7244
19669
53582
42980
39685
1652
28305
50007
48265
9432
24845
47724
30780
38369
48282
20394
16731
63450
19128
1890
2296
21365
14242
20037
11234
50572
12763
4694
21586
44406
39505
40121
37116
352
47054
32762
30798
43738
589
15123
49311
12187
56585
64548
19585
48162
10982
22940
4314
55496
25290
27014
2341
12055
52070
23641
10552
25392
12792
62668
43625
21538
44418
51464
35310
57801
3713
12342
30590
951
42050
59767
10700
12207
43101
13733
27006
34692
5221
3348
61799
17791
6213
18814
41524
6736
17476
16943
966
34700
16103
43406
1096
4901
18536
20280
12665
18327
60415
22966
53496
43589
47545
56721
63640
12491
16081
22193
63856
55644
29139
16890
45715
5311
12112
47688
8977
53283
169
4750
34361
32516
9146
1675
48144
48132
52767
37415
19460
26700
44377
3800
33203
45023
20889
48133
59853
14585
53035
34204
9835
3293
44759
29037
8039
25245
2663
2929
538
40034
63794
20393
43193
3765
26392
38219
43584
64953
6976
59572
54759
8563
58475
20697
44659
26146
45603
43110
37784
16458
26183
9274
39734
37629
60254
7155
1731
55738
15284
8472
16575
21741
5030
16909
12140
58988
56341
47369
16681
53069
28411
6324
18352
1438
2322
34505
7851
20057
59192
48857
8055
52743
30563
62286
60379
46458
5856
8049
36961
37713
4251
62814
956
59796
6940
2735
29505
3532
22821
2502
22150
33649
41933
25233
46823
17229
41014
27153
44068
47329
57337
32806
28935
62651
26655
51313
19645
49242
51223
15392
39888
19302
57465
65203
26592
21718
6021
48509
54991
24012
17487
22029
16223
12942
20134
41868
4067
23424
3265
43333
32389
46068
41910
45553
60047
39659
48675
29279
13760
25307
45477
14580
50089
50515
46950
16608
4585
2586
11994
9872
28930
48365
44218
5144
21605
8887
53732
44478
48654
22992
24497
47485
26692
55448
54220
27113
4864
14746
15453
17132
59611
22233
24425
26206
3462
60548
26000
22356
15446
32251
11258
50942
1785
44545
50141
16519
30931
14969
22803
7685
49356
58845
45921
51619
46346
61962
31044
63768
48255
25459
59422
17953
58075
24077
39027
6194
61125
23790
34097
20646
28047
52966
10786
19681
41557
44103
24994
13720
28523
56261
32678
16966
62109
31239
4150
34602
55358
2992
58132
39230
44347
12907
21520
19997
5721
9734
46788
31262
38495
30512
684
3324
17240
26007
57484
58675
43370
30755
41152
49075
56909
40281
25895
2764
32392
17283
6219
18216
55331
1906
17236
6164
11616
1696
19837
9659
26592
58647
7603
62296
60966
54999
13897
4566
27493
65097
47752
21371
47019
39616
25488
31367
58234
45342
42270
16715
24035
11263
59615
18995
61244
317
49101
31084
38435
30354
14197
8799
11938
39582
51224
4289
45137
45825
62289
11652
56047
32935
10253
33218
5519
54894
50558
41800
2075
39499
30008
916
19914
25828
13694
15509
5849
28205
33394
50918
60113
39605
37544
44289
8958
47301
31539
1594
32276
52838
49782
4939
41404
37785
21444
17910
19096
35736
32012
28392
14090
17748
27870
49820
23743
5952
21934
51337
28171
19398
12758
27294
1874
8297
45003
20531
37834
50774
7378
10933
18721
17107
33672
37764
1046
13904
12232
58875
63971
61173
28668
20179
35006
60318
33199
23780
14452
20621
39831
24190
28669
4711
43258
18487
53111
58787
35572
24350
51775
65347
21357
1134
3256
21665
57963
41616
13127
49984
45693
60722
15907
39498
30761
64647
53499
8636
18754
57031
19275
57376
28731
65215
47299
62765
30697
24144
10961
21349
53011
48106
40505
31853
29144
39307
36253
35973
39959
55237
57759
24865
54644
32823
6770
21777
42014
14956
34660
15088
51328
11660
59206
50977
54665
55830
34238
36213
16643
1620
61120
49298
51787
25205
22502
49632
39609
38616
41361
16050
53974
57688
61787
50074
61495
64445
27933
26552
6658
1286
8308
52246
40901
57505
62731
64276
7324
29046
20695
8018
19390
27246
59955
42572
11297
31997
17199
1016
30101
65266
9551
3905
44114
38203
23594
31347
2695
22221
4620
21029
65119
61868
55981
25759
43392
50436
63815
47413
33950
12423
15416
10290
17299
44885
42986
4642
6729
33397
16892
30078
1582
59132
53620
32014
2549
30754
41798
62630
53661
33657
10808
2282
63825
47433
35875
34010
64520
23919
47081
12271
34366
65366
47502
15097
51785
61468
11159
25291
46299
27041
18464
29276
31916
5170
58282
46319
35186
1904
35087
19530
60821
13204
34193
17189
50104
44286
25436
4578
56079
61112
47984
33900
54962
14284
42276
14142
49484
9854
51928
59389
52701
2433
24198
34388
43685
27789
3673
38891
30929
21449
60661
62600
22313
43964
45238
64823
51041
17940
29907
64165
9264
39389
50139
21161
33576
28301
9649
27784
43915
5865
45268
26176
46796
57898
11116
22550
13874
304
16015
8573
58619
18389
16286
20153
57549
18196
7384
3450
55473
21843
1453
59449
22066
24967
50683
16703
49214
54806
1366
48976
10565
37830
33402
32705
23728
45788
11405
32515
23786
4993
54878
12330
368
29674
19939
3864
13198
4702
56839
45690
5924
23832
13910
28456
52828
19918
6870
56732
63542
440
2864
62312
11949
6988
39895
35904
9459
54424
653
2089
37276
4883
17481
19339
28863
20236
36528
17517
6684
39543
57770
54903
46711
10159
42116
20569
35703
32076
21365
13165
52917
61094
45883
39241
3021
56350
57506
23449
21880
41759
20259
51580
2974
20460
34028
3486
20462
32244
64600
13336
50839
27636
63588
46123
52983
6598
43799
63737
7007
54215
56936
6184
21674
2865
31778
29071
7069
35430
30190
45233
58390
39344
8610
45896
8084
16754
33665
46336
49565
44545
52287
44568
16105
11138
43963
51872
45176
16494
2841
27071
14030
63182
31083
17925
23145
7229
60734
30722
52282
26723
20995
43362
19160
20771
59465
32622
43863
32785
46749
58093
44302
23034
36677
24334
28285
24713
57471
10019
17977
55749
24598
17695
4747
25236
2456
45982
40502
34123
50716
7775
3189
31500
21909
24683
29218
1674
43204
2737
54541
56476
41030
26193
51885
11790
56443
36702
8161
4430
9645
41959
31958
11108
54769
46159
57989
19780
46828
12421
19910
44
4580
19349
42214
30706
17270
15436
22029
56269
55043
23007
28029
36951
26116
5776
16851
47920
64335
43966
47935
55641
38087
15014
57792
31654
3131
43855
47834
48187
29381
37988
57217
16948
33147
34458
45394
11723
46170
47314
31975
32667
9640
23071
28527
32799
59922
20699
43862
29095
22517
838
1979
316
1773
31122
6291
33644
8674
11903
54972
49207
2641
24287
54779
27054
41554
46181
45374
39760
13340
30944
59287
64652
60681
34751
6811
33628
20973
65116
37001
42141
40716
31869
11587
40602
64961
55671
12980
63306
32102
4881
36828
28809
17204
49229
58946
19132
29692
17197
6127
42542
35432
60360
27009
53993
2746
33427
17675
36948
35231
5388
20393
3029
32664
10793
62903
50406
4368
30240
60565
21207
31549
31365
57326
58726
30905
11369
58588
25132
17377
54731
16549
46809
38304
41305
31199
17630
898
46144
57531
60054
32334
56245
48507
31117
4756
23525
3515
40360
50320
10511
15381
43791
42220
58819
37665
51831
6609
32478
18515
50898
25894
54421
53104
61981
51126
62159
63518
33319
59905
47273
2542
13596
13434
59134
11160
22053
40848
62191
4203
33370
4366
30462
41736
63091
31465
10532
22581
65421
27198
53081
56540
21040
39934
2124
64216
17436
23104
42248
36461
37833
61072
47955
10504
20209
48666
53127
34049
38958
52727
51981
24044
34374
40942
61842
23514
40085
24849
50351
25009
61102
37194
10790
31812
63832
7871
14130
50561
9730
61031
17789
41798
21190
19077
53633
10125
64782
20433
58592
8924
38432
16411
59742
21256
56135
9041
9264
62108
5314
59506
12068
62961
19589
26642
9275
37732
28120
53820
18126
51954
9351
21000
26904
45506
41418
26878
60732
18501
15774
14145
16127
58823
52332
12807
28883
48493
50021
31975
54714
49886
33798
32849
28326
39657
12184
14031
33845
58999
8523
52396
55915
2272
18611
54184
54474
47817
5342
45227
19066
38275
2317
29327
18978
41757
62184
29256
18071
31135
63032
42890
11402
58089
23860
48347
24471
29171
27285
25665
52021
38506
11668
57399
27895
39047
38019
16851
27352
37124
19954
38224
15891
5568
26125
56382
13665
25604
5635
31812
42436
37878
22961
1328
20292
11572
18269
9618
42639
42919
60205
14074
58985
3758
16274
48317
51434
51417
28144
62033
47203
64875
18858
36196
51359
48498
33074
32884
32499
24730
41781
31235
19161
1745
37031
18904
52073
31782
52641
40558
5921
48709
49667
31740
54494
1328
36117
7674
59464
30718
27753
56893
914
16342
63138
24557
1489
8042
5148
51349
36266
20782
6987
19338
15279
21943
23242
45527
18246
15652
58449
50728
49042
20806
42587
942
63059
8692
40992
27957
14345
30625
5885
40437
59122
64541
9689
41429
11960
17097
52279
10150
42246
63113
59782
53391
29869
4705
11287
37722
15982
32368
20425
36195
24463
53332
57591
24546
