3657
9846
30163
48886
2940
203
13650
3986
44455
41253
23805
20722
21906
21025
42066
27054
47567
56412
38734
49204
38585
36979
40868
39447
4030
23743
7118
4193
15380
44702
42296
14958
23106
27026
11940
16393
7485
4102
33969
53438
40581
60747
8564
46058
1901
27248
62746
16545
32487
45318
12930
16001
29740
21729
64595
23196
5642
1338
51308
49571
9418
6599
22625
53442
10500
58377
2972
40595
35069
36351
43873
12900
60990
60465
5959
8524
17009
46573
9437
25687
37192
51355
36201
33552
20524
23589
45035
3806
7240
8220
63359
55508
13246
15034
12509
56079
29955
39074
56741
55543
31951
51546
15548
22963
23899
3369
34435
33410
22349
22648
11324
5761
63241
45868
38184
26702
32353
30392
22175
61587
25189
36951
6930
50399
41788
49613
36582
36067
260
44936
53757
54188
11444
38170
61956
14262
7633
31278
34188
20405
25724
24876
14342
32724
45396
46855
49612
10008
35030
8147
29759
42814
46307
34751
48432
19010
33688
16275
19098
58852
45389
46232
12561
34967
27890
27429
6778
54012
28431
46549
8742
21498
47033
31200
46081
46649
35131
64567
21932
27372
16029
23448
15445
62700
31005
50297
4048
4939
56898
33869
29920
54930
61953
52204
34707
14959
22057
59684
7304
5249
9228
59391
24853
24904
43904
42457
64016
62151
44936
260
62311
55084
32827
45835
61806
5011
57370
53279
62051
18164
47753
8577
3156
20844
62295
64107
48994
47347
55664
46864
30887
41940
24164
22374
17453
6017
42749
992
20882
22852
14998
57916
55811
22681
44516
26321
5288
35188
46025
48653
10821
40444
4206
4673
44117
11448
15881
41987
64015
55355
64504
65013
50523
40306
53513
44462
4749
7894
61435
53988
50625
51862
34049
54535
46156
47904
50486
49828
56169
14822
33083
65340
22732
26043
13573
16088
58870
44438
63314
17489
4914
29965
63806
63225
49478
49424
44814
14592
40964
49918
64713
12012
4704
15512
32221
10476
36463
60266
16381
12847
54056
14558
56216
39666
44627
42466
42016
41294
25826
23493
37715
38073
2486
40070
35636
17224
62006
20173
8545
9383
41590
27432
16027
23446
64229
53782
18481
54298
42352
26811
60807
48921
54126
1586
54223
6162
21655
37465
27354
27375
10714
6890
58651
2731
20503
25717
34748
58547
48890
53779
48021
45632
53729
22700
10453
7227
22895
60304
41208
33353
64236
63457
5465
4961
1312
7464
40123
53131
23584
59815
32660
40004
3944
43426
33937
58648
24126
38077
47541
65118
13821
15352
17041
35146
35997
59800
63871
33500
6067
57541
6002
27291
47620
48983
42577
29818
59427
49118
55117
56098
58555
55432
62929
52167
9251
22019
12385
30912
54268
54947
45266
28301
64401
59947
24309
9215
4070
32823
42065
41410
41909
51177
36388
18219
53535
56340
63702
4942
40345
17965
43273
43568
34702
34944
62989
61602
51142
30555
59747
61032
7904
11198
52077
51645
51597
48819
41730
45458
52353
29660
50783
7555
24599
26512
19817
22551
24362
58150
60842
38675
57525
60880
42570
23402
57430
58458
1717
60422
40480
37534
58408
58922
58533
56584
63551
8881
34692
34951
24389
44028
52387
48778
41831
32782
1145
30837
60325
60578
2134
2368
20435
51608
37003
40690
4827
4908
26108
78
12178
23999
53034
28115
46469
57823
25616
13028
36795
19281
31272
51479
16206
32293
23025
23342
55146
59989
54891
32523
55907
43039
29322
32476
36473
43283
30121
32333
45645
47627
28040
28093
56831
54954
17908
16999
34367
37373
38037
15825
10480
37666
50381
50845
60880
57525
24271
21970
11014
9971
33786
34559
41126
44541
47889
56162
43190
26502
27319
25179
27687
24353
65093
27298
18643
60385
30840
39042
54599
45267
34195
33177
35413
41840
21236
63832
33776
34558
16865
19596
42504
43313
31095
59933
56763
42686
63350
61619
34952
21327
49061
46498
49971
40399
48134
7432
64245
61252
26422
28890
43105
5189
30665
28351
52099
54088
20868
22759
3782
28788
59787
26959
55309
6716
42747
25597
28703
65200
20380
18979
19908
8242
38092
53446
2412
51595
53584
6743
45561
47120
63009
3372
62100
51683
44681
41685
40015
24719
41345
42199
32743
52735
49419
50269
22172
21169
40914
38082
323
14210
49057
26020
34371
63142
47575
47841
26455
49388
39312
18146
53554
26012
20572
62648
23995
26706
45272
23002
33264
46735
13997
23979
43494
50773
42262
12907
16317
8125
27932
6045
43918
47350
27427
41594
20057
16481
34380
34637
22620
20787
42158
21390
901
1673
5786
14981
43199
37
34606
36394
42780
26481
8984
10833
37560
62035
14763
3285
41310
29130
26881
18043
34538
33775
44366
43526
25303
27596
8171
64696
61432
58867
57415
45940
19982
18081
5425
42984
48299
45303
56181
5983
40161
1879
58981
58471
56401
25797
56243
44495
30808
29444
46808
54246
12119
45509
15745
57769
4000
47651
6789
56227
13511
63253
21108
28194
3013
52830
11295
37488
42193
41351
39874
23837
63211
156
64044
37316
32293
16206
65159
37383
15341
24296
5499
29288
33816
15314
48166
40078
47904
46156
28256
25253
12543
22844
21488
58998
11193
7141
31295
53712
21195
28642
45238
34440
54465
54873
59595
61768
22822
62548
3975
12603
39378
53002
22793
32216
55473
28181
45805
47387
64210
13733
65516
43628
17081
45523
10646
65047
54583
27247
1851
2102
39517
21788
5658
4631
56160
37712
25964
25251
11052
36004
20992
20951
49408
24732
29640
14651
58931
33364
53059
21466
37724
40243
63518
18856
44686
41787
58450
10818
2919
65
17902
32640
37697
38167
1801
13891
6731
65268
43890
41543
10170
45158
38696
1156
40903
20769
45200
48453
53174
32280
43030
39456
50135
19284
32409
31944
63428
29231
54428
44181
47509
17056
41705
8347
6212
1188
37050
45854
16933
64525
57750
60448
13252
2432
35105
35362
10990
11472
3010
45633
41464
44353
51592
32680
26971
38847
22937
57489
57222
52952
57481
54260
14768
6578
8723
12028
16167
13051
39986
32498
25656
11959
62525
61680
41743
8637
47516
47995
56396
53569
4875
18006
54910
32214
58792
49983
17255
65173
58968
59729
19159
30599
56552
62772
308
3202
44621
41510
16136
41774
27213
26397
37246
50004
7728
14969
40038
36948
3049
100
32695
2788
45573
4633
8122
9425
45086
59674
51920
28268
9063
8901
3176
405
45599
49005
44087
40973
43112
37360
8648
1148
37235
50223
1787
61849
58295
46036
7113
5732
2030
102
23737
54319
13286
22152
23647
61152
12652
34204
38316
50437
45245
48525
46493
56415
55216
4253
55451
33394
62305
62809
25879
26952
11354
46934
27266
57678
5877
5947
37108
9301
36997
38444
42711
23868
55097
11311
36930
38164
61993
57918
21903
36546
17301
40796
63
62501
27444
52289
60558
17537
9186
39541
37068
54905
21944
43960
48420
37092
22800
28581
34111
21089
21978
21447
65178
44188
65055
19226
64983
61652
45111
9468
38121
13140
6190
39828
10073
45007
6278
6107
36951
25189
296
6136
62522
11562
9960
50835
54831
55083
63332
32858
41918
57268
56468
38754
30841
14127
11764
8766
47167
18185
51402
50391
52960
49877
34939
1954
39464
37227
35638
54996
38787
11873
23033
5617
20853
47963
31287
43216
38425
29685
3238
63196
1914
2175
30749
29271
64849
4798
9248
49212
611
52403
15701
14890
53003
36990
53624
54673
41645
43554
4825
32243
38227
39740
22959
59507
2428
20425
64174
25021
57210
49954
52371
26298
47652
63661
53683
64097
10075
8461
23799
20731
8033
56772
5085
32044
35207
12416
50877
44238
45043
19633
10875
12070
26887
31118
45755
17780
35158
48480
40093
33332
40132
22462
19365
9582
52022
30150
51629
20582
9565
8712
17440
36924
2767
40263
19326
60186
48108
3908
52754
55297
60930
58307
18660
60137
54585
58132
63051
14414
29958
39771
14781
29890
5933
61884
28569
48500
44529
14932
7585
7084
53820
25873
31494
47328
4439
63569
16768
17637
20186
51630
38137
12685
50629
38153
11971
9227
57767
58386
11119
9933
12565
12914
30992
52329
24615
5770
53972
24392
4991
61562
8232
64888
30232
29301
47847
13607
13630
12673
5783
20076
13813
15353
53403
3271
26499
41407
18
40563
44483
48083
5590
7466
9963
11741
55500
22749
38315
37133
1652
32344
45403
32386
54129
18822
24308
6561
58834
16711
12551
56986
55001
53981
45482
2221
4878
64164
15958
15588
34251
32974
28462
23875
38049
24788
59168
60975
40887
59635
35269
63431
54349
51932
62007
65529
16792
35881
16877
28437
20351
58039
52229
53081
6497
6674
14190
30064
50929
56651
40045
13572
29391
32346
18468
57985
23068
29090
20543
15471
21058
40256
51216
51270
51205
12889
14921
30862
63125
16537
21735
20866
17891
61049
62978
3645
2299
183
49356
980
40528
37429
64248
59378
65201
6526
34273
48428
25131
60075
54960
49958
61569
2345
65508
57204
49306
48267
36807
63360
30177
30825
27673
55650
63596
33623
6521
6800
38715
8100
47243
58283
19597
20456
32495
3692
59556
32763
28038
25533
60324
51271
10562
11815
51165
49640
48829
46032
47690
63552
41883
3005
58190
32687
10150
4456
18557
20297
52876
51709
7392
10681
6688
28566
47383
47276
19358
33514
19904
17166
34356
63985
1529
392
30205
31451
45800
47807
3752
1798
17480
6609
20799
21596
30392
32353
64126
10542
31422
51593
24802
3344
47466
48742
6298
53939
2091
47822
49023
8808
45663
10775
44576
36013
2494
61015
6561
24308
59204
39620
15091
50976
43005
42535
61177
46905
43168
24074
55865
55552
510
6054
33975
3093
45590
13418
6592
7021
40386
49972
36002
63452
45969
46658
5266
23165
16487
30364
18619
13116
43498
43711
31374
3901
11137
5553
64352
40303
56636
54019
3647
43611
6406
6717
4465
60919
4979
5180
48318
43841
44445
40842
10136
30259
51344
52674
54452
34999
47728
24801
10370
14659
31054
4308
37249
37212
64196
33230
47732
47399
17982
20209
46882
46629
2808
47010
41062
44315
41640
44833
64434
25249
6084
20677
47461
47355
12286
19715
46131
58888
6548
14003
10017
6257
35659
54306
12734
25852
6203
64933
55809
53822
6878
5414
42180
14535
52976
27133
64680
31729
63555
15626
61374
16817
36530
48060
11666
52656
57613
18956
23318
21524
49479
51090
13063
45431
26853
39703
17247
19770
56217
20798
49334
14801
39314
32580
12224
23967
52847
50466
37488
11295
10666
47921
33126
22252
34778
26872
12177
11330
36359
58972
61688
62526
30658
52404
14535
42180
41263
44461
44862
61907
5787
34112
42680
41965
581
29230
40213
10469
41510
44621
12048
10406
32024
32598
30116
15827
27854
43344
45583
23949
62447
63643
7990
61043
50027
50478
3730
2896
60289
36330
59906
43642
14413
17004
18342
16387
7618
4177
10506
64550
37851
20917
23348
15844
49718
50593
1958
17558
39334
2169
21037
24219
41618
53308
31064
2942
56102
54337
34835
9727
18281
64621
14196
5824
8179
14198
21082
23431
47403
28574
13767
30738
32919
59028
50779
42338
47486
35184
42479
41044
63595
63334
38244
40422
48560
48526
39492
20996
41674
43337
748
3811
53362
57457
59605
59312
46092
45402
40419
37492
7803
63920
8644
50301
51487
7406
52096
58021
12088
19147
13086
22185
54244
24707
63435
9304
58536
3162
27519
26989
4212
32249
21201
21938
62574
63057
20257
21386
56212
1810
64176
50655
50579
9385
46843
5796
25767
38310
16468
19558
28244
53629
11601
47338
19579
62962
31927
52452
6361
36441
34677
41071
17368
19901
24426
58014
13420
15259
46622
53344
2933
44362
30694
12959
53242
46474
56863
60954
49737
56068
15165
15160
63732
56695
24639
46563
55048
55357
12347
13455
20216
63945
16808
10347
61023
27286
1013
61824
38183
39826
22267
21350
57650
1677
13775
284
54018
63660
44809
38462
51817
28693
22952
14462
17858
18960
34703
34954
59070
53477
48772
54243
9633
8988
33832
16524
50791
29394
9703
8916
4470
27948
9250
16756
40292
6362
22044
21423
23764
45028
23005
58097
50178
24456
11962
7148
48941
1355
6262
4833
4366
44458
36431
41769
60179
57267
21356
64224
8311
11559
9503
35728
5410
4131
29321
32464
64885
13272
3526
3531
19097
18725
43991
26311
42931
24006
48909
62900
41482
13058
32266
22280
59228
57435
9070
13057
58846
57818
12136
9461
38365
52923
33844
6646
43799
44187
43580
6435
48916
24478
39092
38871
46725
9119
38771
44549
36694
64084
42838
61273
18590
12304
7785
7368
27398
44470
29753
31662
54171
34424
33488
42086
41711
43962
5279
32992
51926
28723
42922
53135
15223
24180
4422
21983
59745
18240
18790
21751
30477
28984
19034
51568
2413
22436
30843
1142
53320
43331
37082
51982
43815
45365
50944
49502
8214
34224
22931
50654
9107
58826
45171
46200
58094
33065
253
29082
19553
63842
63251
6255
51600
27485
19220
39987
48103
24612
12115
9341
37316
64044
34826
54024
58192
57682
51014
45552
57189
23047
47300
58375
44772
12978
26482
26663
29578
14130
49931
37799
53675
54518
7166
55877
55882
56367
41638
43556
32345
34996
64985
13944
34972
13152
3128
39358
57249
37411
31564
32161
37513
38373
59431
4753
34257
12500
17190
19867
56255
64402
54209
33203
817
46757
5984
4295
17766
54228
61272
57517
24005
59571
33228
36301
43912
41693
57386
36243
53533
44639
44381
41452
58752
24380
670
38648
27647
26528
35166
24305
12643
13673
16737
58195
64765
61490
61482
64815
41481
4635
58055
20255
32668
44479
64895
64890
51237
34834
27041
43130
60174
47412
61022
34048
58229
3391
28158
5361
43254
44356
28628
25864
51534
47491
42290
37806
47028
54503
38761
4034
19717
41577
2740
10784
2085
5836
59602
59319
14905
36873
20363
37669
14187
23704
22145
13284
26707
39571
51725
52315
9657
54267
59203
24830
2974
1424
9086
18614
58939
59703
29739
63682
15581
1799
50449
49223
34525
33752
14881
14626
54123
34328
14856
43323
52184
16593
62945
45453
25653
20942
4676
5711
49216
52352
7589
7080
7569
8257
300
5911
58461
57659
60572
61231
60628
57316
55450
41833
51949
58099
59248
20511
2145
12884
56079
12509
5120
1456
35737
33974
52761
51033
59400
2994
50078
8235
37940
10615
17136
18029
27868
27363
56528
55950
44220
55019
16649
53058
25948
49522
38427
2270
7625
9790
35412
59697
30700
40280
16163
15443
10093
5147
57941
50793
22780
29290
8835
8521
11729
11746
38458
13225
1481
44245
3707
39798
12314
64745
17109
9519
43928
52927
7865
30314
10741
17935
39882
2472
35362
35105
30394
7320
24743
28001
21477
36816
58839
10306
5795
43034
62060
20444
41421
7122
2381
39469
21856
23462
43056
42569
13719
32109
42407
43565
24520
37306
34014
33232
10194
46221
56025
4484
62534
7892
45454
23386
65460
4130
21741
5862
39598
53093
27583
4715
64746
65519
28176
26519
37758
48603
55065
41143
3053
3695
24432
20839
58066
38277
40189
24600
60190
47006
28308
27538
32897
36226
11789
8790
7809
13878
20650
43732
65497
5448
57167
21992
10373
44536
3357
16802
20018
18933
1352
2893
25548
27962
28726
30372
19212
19629
27141
26960
51175
51320
21190
24500
25341
26791
6052
28073
58075
60127
8222
9416
15769
20526
47059
19697
31700
1413
55413
62875
64821
7015
41755
16151
55612
23803
17649
61796
36482
53653
12626
13393
53570
56387
6013
44295
3806
45035
63523
63276
4500
58354
44526
56036
60640
16602
18886
8595
9799
52602
32391
12573
50859
51517
49671
65239
47123
61336
55403
11132
48045
25979
57506
57137
23299
50212
43477
2524
53571
35147
34263
32986
30396
7323
35248
5298
16048
28350
33269
48521
6991
7808
43487
12496
33040
61942
12563
2756
14381
33000
18827
36901
5194
29172
43989
44296
60972
28248
8883
53097
41910
28166
23163
35039
34167
61920
51070
3612
46609
35701
25585
56371
55269
46616
31141
44945
6430
65217
12579
37925
51143
51927
55969
37413
56623
47598
4719
6938
44880
57607
37521
42052
63041
62274
28666
27167
10820
12183
2873
1333
37311
62213
14850
43316
63208
42313
22371
24169
39912
3007
3001
1461
37372
60691
9233
54932
6880
43189
13528
14267
33668
2602
43339
16198
62855
64388
62445
24222
28585
26534
23804
57754
41646
43041
16698
19031
50265
51998
37888
51406
31940
24267
57807
47155
46793
45380
62744
33905
7547
30334
46560
27338
34581
45278
40085
18987
48534
45133
24921
25600
1666
4663
23552
18396
29936
6751
39667
40812
32821
33841
27992
52677
39877
50485
96
20531
7524
4702
13833
28571
16489
17494
57197
54636
29749
270
6535
30068
58380
47299
28344
28394
64863
61530
59099
46056
40848
19938
36049
14041
1245
30936
11783
8785
6035
4476
15219
52701
35217
13982
49920
722
36846
63716
35480
23598
1135
45529
35780
6499
30532
1593
52669
49762
57696
59646
43903
43373
42299
19238
60329
19397
55438
2563
26249
47569
59047
54795
7431
4597
10069
45212
51221
38327
32781
55554
65282
34717
54167
44944
32443
32399
62991
12736
56261
18627
15852
3999
28145
59052
30651
32352
47808
328
5884
17404
46919
47915
40623
37390
30900
38097
53092
21171
31635
30406
43933
28278
21915
22745
60061
61224
59885
31718
18448
10414
27828
25363
6485
64283
63734
64828
33351
48788
45874
24887
44990
4026
35220
15204
48283
13050
6106
55182
24357
38727
13258
61146
14752
34889
14829
23784
24236
25875
29491
64910
40094
12644
11897
33741
62665
4120
47634
45475
61029
58096
37938
65075
38545
33536
34728
55547
8570
33900
48264
4998
5518
3491
32259
1193
11931
8997
41558
43745
52958
14478
10815
45371
25382
26596
24488
15164
48339
17578
23760
4338
59340
59407
49730
51999
28906
32191
32914
59025
59331
53859
23640
14685
53976
54997
51612
59964
34638
13987
5139
63516
24350
23712
24363
23709
52757
25177
52131
58932
4542
9353
3094
3763
49889
52951
64555
33124
17582
61721
5225
5828
57053
55175
43286
34840
2970
1439
31476
31911
35092
63480
37735
53373
12903
13585
29647
6261
10547
1830
37930
403
33591
61951
44745
18887
46891
46639
8197
16556
4235
47848
6065
54067
46345
33067
41658
1685
10299
18379
31565
29353
960
6621
20889
21541
3347
4457
4973
6224
37426
33563
40466
51331
38318
53154
30917
7449
42940
42587
54298
18481
28326
15208
10934
56018
24531
23228
8107
62732
29853
63425
25771
21284
25787
61672
33016
36081
65359
33495
6850
57181
5158
13443
63437
17608
3257
52930
3992
39974
15285
43346
22185
13086
3376
6189
51665
7206
8271
56443
11728
9957
11566
13068
2564
43150
59801
35989
42476
43955
35223
40105
36953
20122
58085
11801
19093
20265
65002
16515
62117
47290
4252
7099
44276
43822
17515
13185
39260
59365
61556
64887
6110
35696
62016
3845
56109
54343
43847
41508
50418
37140
20977
24393
20493
58606
30224
45055
24557
45664
58167
18684
23684
24118
28548
23218
23158
14702
8296
55104
50223
37235
36140
18582
42651
26230
28843
2195
61444
64775
38195
37369
15187
13026
13467
55821
8961
11607
55922
44147
3417
19643
37098
60671
22535
14135
10722
41287
48448
58994
9793
7572
54261
33186
39624
51515
65454
1833
36269
56132
10647
54273
22018
38735
25565
45138
30579
41041
15791
41203
11926
10729
35976
49901
5531
5804
3074
14293
3452
64957
27488
26016
56462
9441
2111
38321
60154
2799
658
2915
4519
1143
47951
10470
25096
26673
37881
40293
30225
29308
64818
63728
3178
36579
13169
28055
13811
15692
59293
58084
22481
7605
53596
26843
29531
968
35940
33135
38762
28065
13957
14732
58498
34596
63879
64132
24474
11313
18707
31137
23462
21856
60909
6611
41862
24425
49357
52831
50192
10947
1804
14301
28746
30345
42408
16045
52047
39577
27867
1825
37511
41876
29109
29929
57388
58413
9511
9088
11080
47262
34439
15754
60537
35189
16423
19860
60507
7862
39399
22363
42428
41153
64966
62228
49221
22821
12201
11578
41066
27874
28852
951
55054
56613
11894
10214
26815
63979
55615
46302
55306
57437
37074
40369
47734
6943
5229
1969
60074
3027
43227
5053
20227
39875
61491
64757
29343
31610
42765
41272
15229
24184
22395
39349
37981
37179
11748
9943
45817
26792
13107
61738
13910
13024
15310
11044
45445
8668
17028
17895
65329
33086
42962
43137
23562
44895
18293
59932
39734
36900
28150
37171
10324
10608
26112
45749
9529
9201
9328
63765
54170
55446
54468
35015
27204
7031
6979
7817
59949
21955
44657
42857
12139
10494
60988
46062
2605
51576
64386
38146
29808
51097
6411
4499
496
9986
54330
9979
22058
17302
18447
6620
56511
57069
13746
16067
44559
8690
56050
43248
40731
38990
63819
3918
51946
60824
6911
7858
21504
26830
51618
20487
27377
22662
34128
12586
28561
65212
45563
46877
26013
11206
47139
57934
64022
62154
51106
51297
12560
28807
45859
60799
41876
37511
51240
51301
52297
6774
5989
5831
50663
49876
44649
13314
52085
31525
57968
30628
35660
44111
25698
28450
3770
31000
24144
22498
15388
4565
44701
27512
58277
58896
43533
29071
35187
1065
35122
48898
91
38486
16477
30432
32161
31564
37780
37462
7371
44133
9287
8593
30045
29202
62219
62124
15624
43139
48252
59979
31480
29402
54501
3279
34351
33578
21353
22261
50407
19216
49235
55743
63012
5025
23739
28555
3616
28378
28650
27871
47579
51679
46020
17012
32046
1021
549
7494
7284
41194
49952
26508
10189
9829
10747
17922
58349
1326
20875
19846
51009
22933
981
64839
43053
53759
34559
33786
35346
33301
1199
39959
51607
31838
35824
13546
14529
25604
45069
48183
43433
55360
26643
21878
41806
63603
23250
13720
37011
4312
15603
58387
60244
56833
10764
47669
63722
2978
18071
17186
41303
42445
54589
58006
20108
18213
35724
62511
39190
57187
38956
528
63535
50961
57863
65353
38303
40285
30905
51081
40329
43013
16259
16268
29288
5499
52035
53850
45723
32674
3229
47741
27963
54631
11413
11191
61998
40182
6618
19493
13073
57146
6076
46867
37958
47648
1542
12083
19800
17770
58639
57538
60303
17452
31010
41405
17122
20368
18383
12615
35214
9291
17405
18480
56542
54005
45525
46304
44671
24186
39619
8632
44891
17157
46257
55271
51599
23765
21824
62469
44405
41113
44336
45292
56894
9894
25367
58131
12928
6441
12453
12869
1970
19644
27335
25317
45421
46248
9907
45729
2156
12895
53631
54672
35381
63543
7321
7857
41891
12460
1674
48185
40662
56024
29043
50218
22113
22791
35761
63859
65291
35397
48201
55966
42763
43062
60145
61353
53322
20378
64627
8095
43413
13750
46607
10748
32550
15891
42414
16032
19615
61159
4705
11937
57732
59623
27978
19562
33642
57104
18065
844
61594
64488
61729
56186
65229
2638
9547
34280
32450
65535
10668
10858
38341
37495
20961
2269
38599
31583
390
1534
6388
14105
20360
51204
63244
15535
9768
36315
14821
23785
32738
37807
15211
14743
23320
25700
41778
5657
20299
39285
55532
53731
6609
17480
56549
48313
51367
4867
2096
12634
36420
54561
49574
49716
60164
10739
44331
42566
23624
38043
5273
30403
33289
36612
26003
51432
43217
41529
3274
30621
36450
60257
289
44136
60430
2874
63569
4439
10692
46286
17919
19308
41724
50339
58567
33598
958
38617
64988
61651
18216
29905
16563
31487
29229
30720
42206
30980
34189
35471
30036
39684
587
30773
20295
10610
46065
47784
2658
2401
7550
43550
17950
18376
65480
60610
22955
22183
39351
53202
61099
21917
28338
37916
64134
41160
64009
63749
42689
41660
61903
5203
47916
46144
60006
20128
619
35434
46080
17408
40270
19160
1082
4688
20957
25830
59357
17618
15243
4430
58964
1302
32563
3087
31668
29801
46646
46090
55984
5362
42370
23520
38713
33291
26093
8886
64482
1282
53723
7467
52029
52903
11616
32881
65105
62034
47795
20326
44158
55931
25543
26074
63443
15374
43428
34381
53693
31490
54059
11050
7082
7591
54421
26990
36744
35981
2200
38694
40674
46134
402
1169
21256
23041
48245
62885
31188
4055
22027
26252
32836
15143
28543
58237
26717
7129
55652
55407
18055
50665
60320
53302
7428
1286
56881
49710
44174
29708
32576
9223
33044
1056
64378
206
35216
35730
23341
5437
33811
62710
63273
52052
42683
27045
19455
19812
56006
5643
49709
52861
27332
39578
57044
6467
49878
49899
23593
62326
58570
54479
61901
49980
18823
19172
15456
24581
15237
15672
24904
24853
56247
63557
20283
19965
41622
7734
5130
18757
11447
57161
10905
9649
15877
64197
3308
19681
47895
48229
39171
2762
41810
2578
24338
50283
685
4059
49502
50944
53745
54185
53323
33466
28563
47394
24622
60484
58712
59994
39623
32439
5368
33907
4856
6665
14028
62591
2722
7262
54146
60253
43822
44276
23317
26101
5429
58654
31306
56708
40379
50056
54222
55492
30287
36113
20809
27617
17645
40510
48542
46656
21708
28347
40432
19344
62451
24157
38180
65495
45658
47331
47092
61593
36544
48846
6903
28327
43953
41698
48702
33486
17935
10741
40442
17052
47404
24958
20292
19063
3333
28734
54822
44074
48129
47934
14588
11041
13664
36121
20021
16626
31027
6287
20648
22346
51475
22091
16578
18192
15507
35474
34334
52169
27447
52263
54098
64018
29095
63888
43328
42540
11455
16507
16533
18413
37755
26319
5490
5045
1697
57608
44248
44941
56260
54615
37415
39788
33522
36848
32067
34846
6897
6567
11935
50175
51571
10501
17945
18374
11671
18924
30042
28958
24978
38032
60085
49038
57326
60638
34792
56953
12498
48828
17430
64240
17092
11826
49011
58742
9472
11088
7329
6898
35492
13493
1335
10843
63128
62365
24747
22951
61950
58615
28725
3342
30671
38095
65211
25963
61442
64769
12272
43618
49222
925
39443
51711
3073
14297
43719
44116
58251
59117
44171
30514
62672
61850
37576
52795
60666
2920
45598
48993
34396
8458
2496
58851
39784
37974
30059
31660
3927
41324
1745
10611
4365
7669
13797
15337
18082
19205
39812
25789
29034
42442
13704
12602
52866
37556
61592
59501
14014
55780
60251
3361
55597
24278
20222
19510
35588
37449
49158
24725
61954
13077
24004
51347
53376
56798
27983
256
31199
55771
31420
44551
20318
25883
38461
41760
11924
19384
46742
848
8159
19805
13842
24676
532
3512
25686
51140
13689
28238
58420
33105
44136
289
11750
8413
65254
62187
35333
55614
53547
54911
19860
16423
27551
25164
17646
58118
57102
35072
5043
25072
31081
7091
51992
50262
3689
26612
54166
44954
248
1166
43823
28704
9777
40392
13876
29200
54843
55103
53857
17727
17141
18027
22723
26719
200
2938
47036
43796
2883
29999
37909
38987
44902
30950
2492
18865
61613
18252
58527
22112
52899
35496
50131
40777
21814
24449
26404
27561
19482
31985
929
3660
11667
8891
52909
38966
35126
8838
39082
51231
27956
49443
50246
29078
9524
17090
28427
40711
50285
1558
23485
21711
21307
51239
35103
58388
6304
23190
49150
27917
53105
25169
24104
11869
17997
34520
64505
65021
12410
8813
15645
19727
39809
38142
59304
18837
64757
61491
48332
42137
18804
64631
65365
16240
17977
20212
48716
45722
62814
62308
30016
31529
15671
30493
56998
54013
11438
4376
26813
49500
11510
40212
13550
46904
19596
16865
55906
51371
55740
56301
64888
8232
54866
5916
1127
37986
53800
56141
63107
62348
62145
64025
10570
48001
24042
8819
40337
36898
3214
3968
54179
32940
54147
6081
30761
33156
43407
22090
53562
57663
40779
64549
45961
48569
14463
10491
41851
7529
14860
25380
62104
63718
55095
58160
15081
13177
26503
51419
601
21920
36929
29556
53878
47912
63788
8754
62384
4286
25782
59397
9136
33077
30256
6956
53505
37397
64161
63906
33050
17071
53837
6204
48597
48059
14309
2391
49973
38597
14362
42270
480
21028
22407
32841
61618
3184
54965
45289
45851
58278
13095
13860
30416
32142
26287
45093
49091
59660
15397
12332
34477
58656
32684
41524
3193
61620
18714
64762
56086
52159
49453
61892
34616
34877
37614
31831
19565
47529
27642
42266
9860
7601
23403
22935
23171
51654
61283
58653
62660
30587
59229
18783
65172
59026
2685
2424
65531
23270
59119
58252
33155
13113
37598
38567
46979
47235
1367
363
17887
65234
60611
20727
27587
24888
30949
1982
16105
32729
10862
8897
5839
49634
58643
54070
15566
38589
57274
18912
48805
57378
29721
30845
3411
36922
57344
47375
35249
30317
62760
64137
11916
10053
53461
41020
12683
5729
46114
46917
23139
23036
30137
54061
5869
63112
39839
38188
61504
62790
52907
20058
5017
44905
55914
36716
41134
48228
16088
13573
14654
62595
6590
52360
17350
9491
11059
4810
21765
20748
11082
42469
19059
10543
56804
46801
7573
25359
26378
21179
36199
32868
15224
61958
54314
51182
45918
48699
44439
14438
38521
246
992
42749
47824
44578
41480
57758
47768
7788
39339
20633
59674
45086
49674
49759
43858
4384
716
2069
60109
1122
43770
40421
22770
21291
24409
1723
783
61631
44897
42393
44886
42345
43501
27832
7140
4791
45121
47524
27604
42465
42481
43938
61434
48125
50151
52692
25413
24396
2703
50497
24980
25113
7775
1771
15123
42351
1614
26173
10366
37834
41578
43033
30902
59330
65251
62188
49494
37176
47241
54793
49394
7958
16553
32983
30878
51704
23437
3654
36840
63577
455
63307
57074
33444
16595
46272
38546
11105
10441
11622
10923
45824
17408
46080
13882
1051
43250
43300
7679
3268
15104
41885
40193
40872
10691
46280
24405
48039
7539
63513
56654
55329
11725
8815
17856
107
8329
11779
14202
7439
18736
39322
33437
34992
24067
19543
30940
30602
16018
56610
6779
31870
37901
61527
12910
24313
49923
10318
52713
49360
26576
25070
59471
57920
64596
48924
17896
36422
7848
62893
6209
15385
64893
60242
7649
52864
15109
14290
56078
61204
37199
64784
35193
49936
24229
21017
64017
33732
11182
5481
10849
46223
16101
15447
12544
25694
17329
50538
43614
4579
10139
9916
1134
3041
42500
24993
36143
32856
23752
51540
34704
20480
13616
12674
47247
59327
64051
63282
32245
4560
37351
39044
16929
14665
42286
36824
63594
30182
30191
2995
62346
38583
19110
16906
35608
726
17253
59584
3250
42075
41489
33436
2612
1935
30872
50430
54144
53714
40021
43555
23735
41839
40180
24202
60344
60595
4322
61548
40613
38656
36962
10655
21430
24795
29741
4434
12634
2096
59486
18909
17152
63024
55869
8596
12546
17544
12409
55668
11098
11366
52609
49654
3441
36932
1838
33908
46041
35579
33961
9591
22821
49221
65261
5276
18840
64669
49958
54960
27448
27857
42921
10164
42506
62587
39392
39557
40694
61939
50620
51821
62237
8139
20987
22007
7404
56743
30480
39195
2349
51757
35676
61011
58881
17571
60918
26827
64536
7763
15784
27833
59934
38807
13931
49561
25253
28256
30742
29265
58819
60172
48136
9274
38744
1117
56376
22377
45984
46688
15085
33380
58405
20735
50507
23430
17387
13526
17471
17270
30672
29838
3496
6708
46181
19776
55093
2005
47345
31607
24059
12357
2488
60351
31151
39851
1267
45308
44162
19166
21374
64834
29502
62019
39617
22718
24456
50178
36508
60307
17013
53077
7983
61157
26535
46408
34523
59720
28902
32187
5396
20129
64624
4428
52484
50007
1270
60065
7348
8167
7230
5801
63347
6303
35819
24659
55444
51506
55045
21633
30919
19519
11355
56868
41077
38401
24425
41862
27995
25020
35053
53904
31662
29753
41820
42691
37623
39503
18203
24991
61456
19990
56357
55881
42592
17744
23134
28907
63664
5310
22082
20271
46552
49107
14461
49949
12403
3880
27055
24346
12502
15197
30767
18635
2019
20887
40211
19041
13841
29868
57174
6852
18304
18670
46976
9436
59052
28145
29495
48553
16160
15966
489
38030
62932
20159
57624
38764
34762
35023
23861
60389
14082
4033
59024
58514
3213
3976
44780
65213
15918
14836
9317
5543
18510
17114
59335
42399
23951
40748
44246
43659
50453
28022
47334
47067
24779
21692
42487
43940
6675
10746
42681
56765
59218
56633
23863
7423
23051
53042
15521
15177
33644
35431
6226
38223
24109
21756
50229
24818
22843
39991
33939
15252
15732
38274
3950
43439
40303
64352
7583
5754
7861
20153
1649
3784
54901
54423
25928
33302
25409
21393
11186
19424
50053
13182
44949
15743
26090
51732
14011
58003
26267
27981
60208
60758
15524
13984
31678
52185
18570
45345
34797
4415
29869
23257
62425
32003
56901
62947
43814
43002
55215
31756
36766
60457
47048
54365
17185
44970
26818
22529
65149
16505
12292
43788
50624
65415
54667
53390
9282
34598
33491
30115
29592
4006
51263
44106
40745
17281
8908
10859
34614
34875
52624
36369
53176
19283
11943
8986
6359
58801
19772
61452
58346
59797
41983
33093
3967
3194
26148
12387
22944
43979
52856
3709
38349
50034
33797
28318
58307
60930
36266
32943
37026
5535
31070
64382
33509
7229
43161
52040
56348
46865
49125
16818
34054
53383
65372
43676
11083
48684
28968
17535
29014
36636
3795
2999
5363
43655
55150
42727
65331
33078
46169
25810
19447
19818
44728
13514
54625
30497
32621
30188
16708
46468
44815
14602
27801
46737
63481
60009
31271
2375
37794
48953
42715
16153
11875
17423
63079
13264
36456
55736
46076
47781
55461
57831
61934
17545
20918
21723
27553
35738
3390
62762
39103
51094
51021
2700
23540
44182
32354
59513
42587
42940
53155
46547
45278
34581
33114
58419
42640
65257
58724
65314
13357
12584
11298
26255
4021
18796
39997
40792
29978
13482
51790
50058
61764
56414
37366
38196
14140
14387
58359
620
30050
715
26076
29094
39790
37977
46336
45261
9124
38126
56131
54572
32791
54293
53515
7996
13085
40984
10633
24826
6898
7329
24355
47112
7740
32816
55570
27988
62344
8379
40589
40115
33860
53489
5630
29146
37296
61858
35907
57135
37678
49070
49793
49657
50701
50013
20290
19575
64117
6558
51150
29776
33008
36095
5370
15928
40805
17132
4904
31242
47084
52828
11281
7266
50471
52082
626
625
54802
46014
13577
43999
41789
41439
57555
19687
32937
54181
8224
53075
2305
43272
58982
9653
38367
52145
61883
15883
1551
40554
16455
37754
11181
38214
51914
52287
64906
44233
34567
533
53391
13336
44635
23797
49840
52578
279
13762
18730
45900
24782
12480
7289
6805
22184
41832
30696
38988
31344
32239
62220
35953
19102
35118
14328
16113
38149
39872
61698
57141
16159
53035
53212
51104
54882
10174
24183
28128
14296
15434
57017
41920
63213
29519
49813
29186
4288
37015
23673
38424
20191
58984
24937
25969
23982
57667
61210
18806
61039
11299
15422
16176
21484
19090
8629
50016
56358
23511
60509
11217
39658
59719
34036
33271
6072
41217
13461
49939
60404
56425
60219
60766
36622
61697
34282
3946
16360
28044
7826
8339
7211
6726
6221
24856
64660
12522
61187
60108
22936
15517
6384
573
43508
22038
34656
58478
55308
56637
17410
53191
35274
57032
3667
604
56330
28068
62134
62139
6042
6268
35821
59113
28724
15126
55619
19866
47930
46211
38714
481
41512
43853
54954
56831
41028
42152
56183
56469
64455
32474
10519
17460
48599
26300
54076
45471
39338
48851
49213
39968
31874
31441
12355
28186
40086
10951
63669
38674
43375
46958
14063
62742
53218
44288
20915
10897
7312
45692
40687
4660
56404
56007
58786
60183
21764
37281
20840
14182
8592
50124
27840
10223
58401
58926
36649
33316
27525
25993
16920
42451
9520
64182
44128
57827
11214
46663
29032
32228
3533
786
61615
24995
33160
65418
11404
12218
53694
53880
41543
43890
44803
14604
53432
2614
19709
11904
46813
28089
24349
57751
18425
28302
3771
14100
40663
26845
52117
52429
45168
46999
472
29835
50119
49552
5358
1566
63916
18799
61095
24555
60364
18706
9456
8478
52164
45547
5361
28158
59986
1022
13314
44649
50532
49186
39691
52978
52766
50360
14501
41390
42890
25916
30893
16071
36365
41199
6631
40481
62490
53444
23412
25077
30328
59065
5777
14336
43629
43752
48079
41949
53195
40710
48508
1819
63380
33002
35234
12534
49491
25014
54101
35535
48170
62114
59473
59186
5315
7014
23090
22871
1244
3841
13680
44670
44804
14599
26449
21773
7430
4851
8583
63638
51701
10398
57285
13205
30561
30743
45617
46535
58384
46000
12116
9279
52013
35592
3632
1538
49390
23225
24336
17198
12538
33833
55334
33615
16884
18535
14840
15907
25935
28587
35946
33125
53521
14455
2229
52690
27901
27436
54809
50882
23872
20741
38884
1887
23298
40002
50431
37139
64429
62888
53528
23388
18355
23758
56947
8685
50907
50150
49265
1572
49368
950
17287
40736
31769
31333
45307
60696
26139
44454
63377
32995
6468
41171
48627
50282
32984
13269
13358
12576
57251
34214
23634
24288
42341
61445
43878
23182
4379
7198
54674
35700
43990
41472
58619
32900
51
51048
62382
65195
63086
22513
21407
23850
59501
61592
4984
60454
4621
53079
15101
14121
45465
25370
59967
55866
20271
22082
44605
55422
54390
57200
55261
53640
14743
15211
6197
61070
52298
46724
34992
33437
65073
23114
32603
3272
18536
19802
47038
54496
38250
55787
51087
49594
53165
11289
38439
37473
2938
200
60238
54686
14193
775
356
38129
39650
16992
44931
60486
6867
20813
56218
13588
40615
52747
8645
9069
5061
62236
7011
5830
48435
8692
34388
33375
36203
32870
9332
43777
56727
43664
50651
50607
35031
54229
13030
757
35454
47406
34758
724
4046
39945
45730
48743
28599
25181
13741
44866
40181
16798
40544
20004
49572
51303
44386
28362
24111
23035
33966
33062
3802
25243
935
3658
54216
55491
5200
26138
18925
19083
15743
44949
28398
41051
40335
37100
53938
6295
63046
14152
58161
18682
55928
27726
43092
22276
9563
19743
28295
25268
34033
33266
11659
52527
8910
9057
29291
46476
32972
3110
165
11925
16038
42411
60933
58312
52604
11585
40443
3280
20096
47081
44683
42302
61397
25832
47318
45549
9157
17161
7484
18003
772
329
22545
17433
41129
44528
51890
30451
27708
10288
36299
33231
17437
65054
29129
51006
6008
6773
34784
26046
16866
17040
4289
5993
36664
35901
10727
18032
16813
1069
20149
42072
50268
17949
41586
44689
28339
12029
16224
14225
9084
54446
20049
52615
55543
56741
41589
44697
2870
4919
22292
22136
33267
38720
54577
20861
4747
7126
10807
61814
57937
60978
30521
32425
24933
29805
1655
9104
35382
63539
36628
1758
44655
13743
2577
35239
43701
43497
64665
65429
9187
16760
58008
61338
33543
36362
58923
55497
26653
23595
35373
10873
22198
5758
36289
61722
65399
6516
25777
42983
37201
15756
29511
56890
30935
37933
23765
51599
45640
31579
57861
48193
28690
3760
4281
59221
61972
12020
16558
667
8697
10256
19136
51874
46953
54288
34007
5967
272
695
35791
41944
26434
51508
61426
58869
61565
52469
55137
24496
2037
5683
58296
59101
33950
20758
883
3513
23771
36484
60358
37448
28940
51124
44797
42914
21408
63963
5807
33182
18885
19229
20383
18986
38307
37385
63750
7947
23942
21085
34487
2431
39165
35351
18026
4110
16804
60675
12236
18226
39449
7701
61776
21399
39297
49088
57589
35439
40831
60855
31915
33927
28849
30566
2188
14907
38124
23643
40120
39704
27
49733
53635
55260
15410
16177
34620
34876
62832
6325
4236
35344
24040
20621
61389
17771
11772
39493
63234
6196
4773
20533
30111
1395
17782
16448
10181
23610
43068
42755
33523
36854
61416
36248
26721
204
22192
59826
31308
56706
36004
11052
20180
47565
56806
45270
58194
16748
5109
7928
1533
2699
20452
21369
56493
11934
32069
17050
2867
1340
21817
22657
24692
25624
43370
56190
34427
21694
52595
9794
57081
20015
51035
49421
41128
14671
47535
61575
29987
2895
3884
3107
30398
4241
2936
32036
27518
35291
55043
8542
58549
40140
32561
41438
12153
11296
44277
7920
15554
26964
24321
40169
29431
4527
26591
17747
4795
4790
36552
33485
23205
26981
30860
43531
56929
13523
53669
5678
54673
53624
55724
55024
35336
39733
62837
10917
25049
3810
19407
50925
56939
35871
25609
51073
85
38489
16655
59980
32511
2821
36988
54022
48833
61256
9067
9726
49251
7839
56421
56087
6366
9292
39797
3848
16149
505
43430
42737
14038
28517
39346
39639
11991
8929
62452
60642
53039
40539
62113
26775
27866
46728
1724
37043
52479
8216
38691
20529
19743
9563
64231
3306
62793
24588
21427
57554
9246
24433
38262
52811
29488
30222
65217
6430
63991
616
4358
7678
25682
9769
10215
39017
56489
55027
29918
47982
55349
33605
64090
10999
50934
50393
32959
26316
41388
51695
26438
41368
5046
9862
17121
20382
61225
1641
47202
62275
18367
26965
48369
48809
20677
6084
62747
24658
33856
56911
49587
25636
21032
13176
36396
34597
23327
40917
29852
42162
65510
34910
33199
21342
22341
39755
55831
20476
64957
3452
18286
23586
41804
38931
5457
8041
52067
33307
38444
36997
36275
45187
58138
60780
11905
4788
59566
12849
43830
63395
35160
35421
55784
3251
5692
15024
31793
42889
21954
21460
25506
24493
64324
63198
16791
58351
40007
23303
41623
41312
54487
53633
63560
1102
36765
15505
13049
14372
4171
27610
15904
39419
63724
53655
15927
51751
27284
58749
8467
45905
13729
44872
15478
6180
64999
61668
8636
19609
221
6434
1220
29797
17701
40757
34840
43286
60591
60
16565
19319
15078
11415
37285
52727
21169
22172
45853
20827
64109
62290
63005
11893
10226
46655
32970
34247
12745
2243
36621
21995
39333
59235
38015
4392
48200
57238
31528
55590
56291
31770
59997
18527
22681
55811
28962
30529
60598
23572
33674
10091
14236
63124
51734
59761
31653
29744
43086
13217
21536
60360
46026
48647
37387
53910
40681
36961
50897
51192
46690
56215
13976
24646
38182
19373
19370
16392
50955
65260
34847
39467
22020
50211
35054
61930
22693
15279
20456
19597
39120
6792
9483
43837
10065
5319
3457
55241
45701
43117
53407
33101
2957
1416
60250
34391
14988
33675
20742
19380
16056
12989
57719
4012
8873
13575
39136
37262
18734
19329
42156
44016
13206
16609
24492
55212
6236
6083
53961
46598
59461
57932
5999
10010
59499
53172
49799
46141
20316
45949
31688
28817
25169
53105
36084
33014
27422
44640
27734
62099
61436
58877
28488
47132
53087
44509
27109
24085
17869
8991
37305
38101
28873
7066
36254
57385
15037
39860
13332
29742
28335
21664
63992
61170
17629
10424
24161
22376
28446
1650
7273
7873
27285
1131
19944
37786
31016
24483
15480
58559
15992
39919
27372
21932
49620
49615
54116
59044
62711
37762
4092
6832
32309
526
58398
4686
62738
61459
40392
9777
39465
37763
58534
47133
32163
28924
65336
57731
42204
41354
34932
33398
112
52384
25614
14537
21425
24786
20536
3397
16802
3357
22812
62280
49243
39807
45596
30573
538
543
15613
44996
59987
58710
53924
57337
56416
56855
4303
9820
59138
58885
18748
45366
40146
7209
20547
5626
34879
34618
54021
1773
37064
1741
44939
258
44816
11274
41787
44686
40728
60564
48235
55197
25353
46512
14291
13832
54401
56280
6217
31136
54523
57342
35876
14895
10659
65306
7935
63683
7103
4223
23998
49124
56308
56574
5036
10603
32768
31020
10838
10509
63675
17564
40939
58794
36496
18220
31753
31285
39747
40426
40140
58549
45796
6711
25277
25224
50143
40768
362
38131
20860
40059
45124
33649
28440
30395
63778
12431
1730
62854
49234
32798
31356
31891
55512
34013
56271
1682
40773
40412
63217
61496
24107
4346
41939
17257
13163
43205
63334
63595
6902
5386
7946
5127
9885
51632
38624
16530
23969
51050
9160
16397
4667
25054
44078
21614
62858
45301
3478
893
8965
61493
4935
5665
37145
11351
25126
16208
58608
57710
36720
3424
32205
30296
24232
35736
56397
28779
35428
27776
29096
14459
44942
39742
52393
64808
17937
19401
48078
47638
36888
53053
47446
20039
54894
10287
1461
3001
20637
23851
1556
52580
8872
27574
27103
20688
8879
53530
47831
48354
33357
54948
63517
63769
30263
31149
46658
45969
49214
11786
1559
3765
26356
44305
64632
28899
64576
39584
8146
37456
33144
36211
28729
7722
27469
25240
63121
61216
62012
61294
39995
40790
7285
45341
58449
6439
1736
52568
5541
65293
53865
55905
21691
43144
40872
40193
28773
53673
50215
28220
40752
63149
34169
48718
54275
57432
53249
27639
23010
9324
10804
17508
51770
40151
54451
7261
56052
38885
11600
8969
41148
45233
9543
8845
6291
18243
28695
52858
63032
8390
17740
9685
62719
32818
7645
32047
6513
42730
62444
63645
30179
39891
11366
11098
59152
54593
12207
37710
47082
48825
3640
7336
7015
64821
49643
30799
17334
50035
64630
179
2408
3050
63505
9380
39589
14967
45499
12268
23679
37732
14089
5250
61801
32019
1803
32507
62601
5805
63143
64256
47388
47271
34633
13994
16811
12668
10949
42956
35718
33924
58234
47224
6555
3364
43791
61358
48651
58822
43315
14863
61339
23964
55435
33707
48213
47616
47950
27130
28035
10788
11532
3596
27016
8380
16701
17499
31948
46186
15809
56997
32055
16579
46521
9755
2173
1049
313
1320
477
36162
30188
32621
42950
4820
756
31125
39215
26935
34935
64201
2556
54630
14777
34409
26202
41164
35446
4771
41168
17319
39713
18069
45813
20901
38977
51314
41409
26420
11910
39210
23601
8349
39039
24007
5389
2629
14801
49334
28314
26982
56605
38151
53687
55268
37880
26798
44937
33252
61791
44919
32063
51057
58342
23267
58630
58304
37597
37548
60499
51603
27358
28640
42638
56452
60655
61165
62097
37621
2751
35515
43594
40437
49665
49746
54869
47255
22264
21546
45700
10787
56491
58503
1116
14315
19972
19625
11614
9728
4143
5412
59996
58715
4027
49887
21400
18438
21947
21206
7023
5837
10440
6514
32640
17902
45955
46562
2582
14636
17292
18477
55387
31705
6028
62874
60081
59858
33460
64115
8371
6132
4412
48611
43901
42863
32648
680
63617
35470
5701
4680
28977
45014
28412
26533
6560
27278
63394
56037
5052
5866
46877
45563
34040
33277
1015
645
2235
37644
45319
25891
57528
12469
38540
38408
8253
9890
41902
36915
11568
40415
48007
11308
7360
7019
51075
27654
45574
48576
23578
15523
30582
29083
23034
60206
19155
12271
10365
12105
60832
61359
22356
8177
17855
39440
64707
32242
34173
41494
40894
44943
52608
49996
63425
29853
29725
45481
30110
49400
5430
25822
40001
3956
682
49004
43034
5795
46333
16004
53527
49477
2759
30704
43680
44286
35225
5305
54562
11109
35085
57096
39501
63776
6062
36144
61199
13844
16365
48422
34834
51237
40481
6631
57300
35287
3636
57546
49829
51248
27918
17779
8432
24772
29425
62460
39736
36897
45913
45508
18325
22559
28916
1544
23037
59086
15967
27328
47282
59601
46942
46234
7915
63103
10789
11376
54963
54252
14341
64211
22251
62193
35519
29416
1963
61879
64364
33757
33714
12467
17249
16990
59301
47214
51005
1309
9367
53644
59457
9888
11513
11777
4285
812
27946
28489
1560
29934
32541
32087
63278
8774
35565
35304
54615
56260
60635
40159
3883
3783
8162
31203
5800
58511
64943
46881
51576
2605
24239
21018
7530
4694
59142
42985
20103
55174
40278
57127
52428
51775
6022
7750
7895
34997
47435
61302
61028
59758
47039
24656
43277
3416
23354
13025
9545
34941
64820
23544
53037
43631
6444
20902
65032
44885
24974
37998
50922
51577
1448
75
57239
56436
13730
14925
44295
6013
36264
22984
47226
27052
49071
46507
19244
30286
28347
21708
12518
14164
49318
30073
62815
65387
23894
55203
41555
58146
61914
15487
2374
52592
47609
41532
47700
48135
45322
45407
8753
11001
44692
14110
26939
21022
35198
14034
30423
51100
36271
53491
25759
42876
59171
14947
14604
44803
27904
43643
29723
33599
63771
17438
53326
21634
5140
63511
5792
7221
50134
52717
39802
3711
14480
35994
45473
31403
32819
45251
35112
27522
22803
43507
37061
43496
62035
37560
2730
2479
12268
45499
6739
3922
52727
37285
4558
9273
6000
52249
9803
52606
47440
47621
31011
55562
54057
54853
37518
54941
61997
63017
27838
50638
27598
25690
6417
56154
11130
11246
31013
8398
36311
3919
24969
19468
59362
57568
46957
45084
47360
32140
48539
65025
10207
52133
33647
60661
32012
43871
24294
23475
61159
19615
45788
61108
9500
55630
4505
33836
2213
1096
34020
34548
25508
38974
58673
57938
33497
16131
7400
18599
5219
34500
1888
2500
37215
26698
54063
9835
8087
41964
32917
59033
13065
40965
21862
6418
15915
13567
7968
62080
24788
38049
6984
5254
52175
38493
40759
22656
57692
55371
34484
31123
32923
38361
47308
34861
52934
2872
57016
35258
5350
21700
9177
54703
28996
56430
60942
33481
9453
8667
20206
19354
9664
35461
36469
54565
22915
15082
64263
2552
55714
4510
26460
26636
53452
55933
36816
21477
53514
56632
14796
57013
30168
30090
28614
49642
32337
29378
30731
1030
56100
9444
44602
12344
7640
48342
57878
36245
39009
38898
51184
52103
24828
58949
50412
27851
19797
17767
36292
61715
4084
3319
22886
24218
16896
19879
31055
62233
5256
61915
31208
33494
16870
3394
31250
31073
57618
64842
63997
14433
62024
8078
28583
28157
16575
18301
58789
12763
63866
57012
46629
46882
19913
16389
33691
14445
4264
5134
52758
51030
48032
56532
30040
39688
57969
60994
49575
62535
33293
42516
34886
35136
20761
21876
20193
2817
5064
62225
19730
9557
46007
48513
1048
3963
59220
7234
35019
52148
48405
31634
46906
55498
25269
52506
4298
5990
24199
42790
32399
32443
37247
51235
2217
21458
48773
36177
17406
28494
28791
13277
65296
5071
13722
28813
39675
25002
62234
5070
28456
48048
54249
54723
20244
58058
55046
53563
33922
35725
13271
8958
44825
46153
8188
45717
19206
62920
50107
37846
4415
34797
29290
22780
50221
49528
52059
41826
10900
11335
9568
10955
17171
20130
27181
27005
15886
14090
54462
30553
15997
42015
60508
45287
405
3176
47288
58589
51011
24625
24318
22466
21754
23336
59249
59001
40203
50162
14776
4995
7518
7450
5165
29010
32383
205
45937
19176
54582
20641
61031
58098
28506
18428
4657
36022
2541
40168
17023
45806
18127
28011
36650
33320
30770
31108
20801
293
17308
17131
47259
48942
14534
12637
8379
62344
59634
59239
31077
45246
25735
11791
57497
58513
15653
36647
49784
51907
539
36060
6182
36372
42166
30554
60830
59537
24394
25422
44451
55337
1537
62539
1601
39427
30508
42551
23581
24191
61829
4862
20756
57023
46726
27098
55677
48278
15182
23569
12774
21640
36753
6881
56513
56158
24306
34353
1253
49074
34566
64522
21329
37267
39685
64104
24739
44929
49639
26816
23513
28778
55752
7257
31887
43511
40186
3849
14112
23896
9378
45071
44714
38911
21333
57836
35777
63763
63590
18424
22568
20893
58444
48709
4238
64981
11678
8630
26448
50627
45407
45322
46791
45580
6697
24523
3279
54501
14230
14491
61046
56955
6123
10166
56844
54017
35352
33299
64995
41357
13023
7016
58314
60935
14929
51680
16291
14147
48165
47737
23818
21455
48231
48656
13559
12333
40458
22352
13905
13036
7133
41499
29386
23168
28105
50031
46873
54431
2185
30842
59254
59002
25785
38377
22930
23405
699
52223
15248
50047
47142
45866
27309
28146
8655
10298
20029
16636
49451
51069
25792
39731
20942
25653
25040
26597
51830
52267
17226
17783
1796
15576
40047
42851
44462
53513
3868
30995
129
8510
63024
17152
39607
53484
42955
31207
34672
5205
58575
59085
49415
24891
40366
50021
61911
54429
25067
7730
29435
31453
18558
61469
1905
2162
49423
17323
17781
27586
4194
47008
22137
15604
10203
57790
10100
25186
49936
35193
57335
40281
28978
43741
20466
13668
25529
45277
9493
20429
37567
50563
46543
20247
33331
58529
44165
41213
12341
15673
38703
39066
30236
50787
41259
6636
31943
48244
23517
21208
46253
53457
841
21444
33341
5369
58502
33256
40097
3205
45632
48021
5967
34007
65295
62468
38733
8151
13368
1841
40099
32611
9090
64310
2708
39201
24333
27083
2854
752
16907
21759
46462
60992
55128
30081
2298
52050
19000
20317
4135
6884
42896
28382
16890
18543
42242
8640
32113
52129
47924
11434
23177
24549
31891
31356
46180
55663
6556
27969
10755
30264
43636
2464
15090
59764
40630
32492
41732
19742
16370
12832
53931
57340
42148
41032
63985
34356
47706
47372
37643
57173
30342
53297
20621
24040
21574
43128
12531
33838
6896
64338
22622
22320
61642
5144
6692
7239
5494
20738
280
3508
25896
219
50323
43220
64
20482
37461
38295
44648
62936
16252
41845
56010
48179
4529
53736
39274
32742
60586
26655
27082
44124
29436
30173
52220
58144
55404
55059
36870
14902
35879
1404
31570
4082
14827
23782
32104
29166
39958
39866
59591
46021
48179
56010
29962
14792
50921
1571
14485
59416
62565
63063
58573
10703
16928
18565
37095
35609
42012
25713
8762
10998
20309
61190
30908
63684
23788
57579
55672
64601
58093
64050
51801
51456
37481
29346
32364
31675
65230
62993
9412
62663
53289
54305
33007
39628
11723
9580
21018
24239
61386
46536
44877
44070
3915
32956
8172
7347
41611
41228
50607
50651
38605
47630
14673
31184
38360
37565
41947
30359
19299
63074
1827
29117
19602
20716
47099
22574
36413
4526
33902
34401
58775
10457
16483
17725
43419
23672
7143
45642
5426
34682
13048
16161
26619
21491
50984
45079
65317
25032
16437
18172
49660
29124
46616
55269
62417
61094
55801
57073
17314
19725
31646
33282
28525
29426
21854
55362
49913
24566
16916
9054
4362
29998
52467
6158
61645
7711
6822
6048
10798
10864
27715
55924
46398
45915
14012
63858
35935
31135
7986
4685
59628
10694
5233
55018
13736
14913
9140
52187
13819
15350
53981
55001
35560
59782
25119
26781
38120
40558
47277
47376
16518
65000
17907
65500
533
34567
14728
1076
21667
14452
53366
34648
7355
43900
7384
38448
21513
50388
20745
29947
17706
48225
6012
42591
19542
47295
63294
63536
8718
9552
47303
48464
1440
17964
15017
7992
8534
18525
64797
40743
58297
46185
40368
37854
32553
14980
16617
51562
1252
14169
64047
34183
40798
39984
14356
20979
39435
55116
29336
52038
47151
22804
17510
6317
17418
6339
27328
15967
30069
3705
46912
47919
19685
48006
34549
33785
51495
28215
44045
42565
29177
25008
11506
46599
64896
62754
6703
7242
50576
51915
24602
24410
44890
46647
32204
30291
56427
31941
61599
64493
32740
12096
33045
54382
35288
42989
56736
53746
30567
54884
6575
60732
3185
3954
10241
38708
11442
16501
18246
57309
26781
25119
57211
9501
38972
32156
2152
996
20519
13202
8068
52802
64035
23495
41825
29214
50810
50926
19177
674
9100
24972
5295
40701
12488
13749
4486
5341
63816
3909
44619
42159
18709
1040
25976
24141
53469
22245
24117
32430
33954
36771
16231
13712
26102
11121
1678
7478
49511
51361
55588
11850
32344
1652
7834
22022
54778
47571
46341
36405
41196
189
58547
34748
4565
15388
7945
4854
26536
53466
48081
54441
40487
6195
9457
4372
40299
37422
31683
29846
54522
21225
43731
48168
34545
17073
26273
26414
2172
29811
29345
32366
55919
53245
43331
53320
20999
32466
5116
26618
62048
16253
63976
34071
53276
55149
11405
50720
35834
10899
45158
10170
38456
44806
29639
30289
30331
49302
28807
12560
46443
2844
48688
45774
37342
40360
17639
52636
3041
1134
25182
9623
34918
54294
30117
19945
41491
28410
30080
31710
23709
24363
28329
8277
10395
12078
29689
32786
21233
22614
29619
30041
63331
32849
44550
48386
38827
38610
7566
41110
30447
50874
63904
49655
31179
19340
169
35090
35489
12837
6842
10193
45252
51675
8566
14880
23801
16238
49180
1864
50251
391
49175
30536
383
15810
43354
27699
48983
47620
35467
7057
23598
35480
63856
53767
24909
42085
24082
23677
10379
18363
53125
20110
33521
36862
10185
14078
50062
40373
30595
29148
27712
9748
4151
32267
46472
53942
40320
37093
46464
28476
19595
57380
27484
48884
58219
45855
35390
63537
22454
38858
16006
12939
40618
57336
28284
27757
2955
52147
7187
56913
34791
32997
61214
12688
18955
3425
57789
29799
63449
65102
35403
52123
48348
49132
57970
46372
63447
36048
15118
14292
37319
57063
21730
20871
10971
21635
51759
28124
3382
1315
22173
21602
30973
27920
21131
23381
40641
1330
21545
29473
61744
62459
65492
42879
53909
50487
21740
20879
13990
14756
47290
62117
21492
46847
10456
52141
38413
50164
7859
62908
17187
63500
21247
61528
7008
41166
22833
34958
40499
602
32053
27352
30627
15409
46212
10568
2215
57628
38862
52846
49647
2908
35626
34095
33444
57074
21742
49314
7533
13207
24811
22305
31498
29247
49738
52503
35255
41141
40916
10654
39856
34760
63688
1254
43957
28393
40003
32659
24481
25512
53372
35501
41807
17899
45917
45519
15206
35270
5902
24403
33280
36610
37347
29476
65193
62381
58223
26824
17286
27745
62819
19450
52928
52119
41627
58764
26646
58967
21816
24452
21959
21457
43412
39793
13679
12640
52244
21706
43065
58690
9978
11782
8275
20928
18527
59997
13205
57285
48175
47738
3147
64188
54389
12316
40699
21286
18173
18747
61195
54493
10898
10817
3857
51620
58906
59678
28960
61647
64073
770
17674
9679
29053
30489
5748
5015
55674
39050
49460
50321
12034
62866
4373
7192
31560
29349
14009
35252
2750
29598
1386
3295
52172
51099
53825
55854
22475
26683
52886
31611
53431
46817
52397
24702
10439
17463
36866
33782
34974
13155
19011
58068
10428
24854
31578
30156
936
46975
64372
38328
36234
23209
58338
39580
21231
21898
24778
57020
47127
63315
32439
39623
30891
45584
6696
32218
53104
12102
61825
61259
13319
7330
54929
54135
37114
43469
62335
65140
4911
63043
52388
28298
62774
64980
11522
37437
41031
44321
28760
36872
32372
3785
30161
13502
5700
22851
25768
25463
21327
34952
42443
44978
61453
4872
58387
15603
44026
38140
21799
44512
53124
163
6326
8272
8169
22191
41244
18476
12428
63574
22705
54898
8512
15887
64763
57584
30344
25898
2040
11686
15127
24084
32722
14349
59565
59664
26432
27158
5333
63635
46709
46231
35847
32779
5042
32629
316
37965
29568
26176
11911
10059
12811
20008
5391
65034
43742
40457
10978
63068
53306
52728
27251
48194
40159
60635
57418
46152
38110
38566
43047
41637
30830
707
2834
47230
23444
16023
54297
53600
35594
34063
11724
8555
58745
28435
55248
54955
61513
58086
63290
25290
46844
31786
31051
40747
12197
43679
37750
48835
60891
47018
49387
45129
47799
28133
59590
20319
60178
46578
26723
50319
36597
13149
28799
61629
26623
27435
27166
49043
37738
35740
42107
15900
39711
52971
10679
49526
30324
29591
20120
18926
47590
1510
3462
37053
59090
46052
19747
17042
41890
12449
903
57872
45442
45789
1020
62085
13082
15538
33214
33400
39332
55459
29968
63676
28678
527
6700
44404
17573
20248
33318
36643
6114
56496
19420
57446
35969
36738
45995
61351
14576
12526
62553
61781
36282
46096
25434
8563
60621
42832
11476
8161
32669
31864
33194
15867
44973
42057
43518
55333
1203
1949
46534
47933
33277
34040
43593
31557
51509
39630
10610
20295
59535
10279
18579
17593
51412
42106
19911
17156
28633
27360
36391
34603
28065
38762
4552
30787
31167
35261
5981
9414
61390
49644
27977
4879
58268
2640
26000
25166
48006
19685
9834
37773
53555
55052
50299
40652
53647
20939
36577
64659
54990
53963
9225
9974
37668
40343
25893
27513
4001
12022
52712
50909
48872
59316
40586
739
9613
8770
31025
42121
28762
32207
64548
65319
58501
18316
37874
51440
34724
55538
57113
19197
19027
29889
22166
12443
27120
11646
23065
58739
57595
60663
35171
35683
5766
30250
53491
36271
41438
32561
41541
15009
40237
39789
9345
48350
48030
55107
15966
16160
1434
30604
1384
29979
15267
3289
2931
49811
11458
40469
52704
58605
3753
20107
21074
23940
20250
46532
38654
873
41921
2365
40452
40006
40915
9818
34829
7951
42062
14400
18712
18113
33371
34398
42021
45048
424
22715
2719
2458
38046
1936
29433
30934
4537
10126
1063
52610
12601
27824
65060
61582
51058
44349
11825
4804
56457
10575
12537
10078
19362
9572
55994
49027
48563
45196
53419
4835
5186
49650
46649
46081
43294
11664
22872
3428
44259
43708
4152
57515
14237
5939
50582
53082
50311
49588
34731
55544
29143
50401
41829
13854
37536
60738
35156
35620
53817
8306
30032
29278
33991
7282
53123
23262
276
42324
51359
24002
40138
59155
30832
30998
14915
42928
46732
46010
44490
65184
4275
62396
37036
63468
32920
54472
56761
56757
32953
54197
15032
30713
55803
1306
27270
24642
34094
15087
65273
62197
36666
31023
20781
21075
44485
44489
28254
22467
62911
64442
31805
15845
37947
20980
37293
62509
21919
45668
35224
13978
49361
51190
523
18317
64960
62239
63397
39
46019
18449
60538
35199
6431
2865
58682
57951
21349
61401
27421
27794
8969
11600
10418
23904
34854
36131
52679
49557
9891
4628
364
1123
27343
17018
4534
10120
7311
6874
6726
7211
9544
52363
39368
31032
55201
55980
21653
22119
56846
7708
14046
38464
23355
21559
45727
18321
57057
7283
53847
57025
27850
44127
25307
27589
27462
26611
32430
24117
33731
64026
63320
9977
25203
49592
45402
46092
46737
27801
42249
44765
28235
25775
47618
6854
13024
13910
16246
15005
13774
12751
60473
38636
53708
55123
63566
2469
15245
12857
3539
16585
3964
31091
1004
2709
46893
46636
25199
32343
4113
1924
16830
9349
55358
18062
19126
35538
