23482
2687
31399
13377
65502
60171
46979
49281
25208
37224
10016
53450
26844
30258
6058
11376
41726
43412
2985
32100
11793
58090
21682
6865
3384
31818
47969
52172
57625
29274
50952
31636
20769
14019
54153
61546
54494
44043
8824
1951
52222
37434
897
39966
1142
29335
55712
3551
46417
16463
24876
1088
63002
54818
12892
52759
51097
48097
1428
22631
54027
26186
26691
22495
51234
52271
53264
38142
40119
57623
2233
49974
52332
49493
17741
47349
18972
21253
30985
31573
485
51602
16592
63783
37572
57101
8399
2900
26590
11166
15424
4375
53821
3177
37858
48102
3195
19688
19442
35484
26269
38772
45022
22163
33802
45882
40318
57519
4084
2994
15583
28863
62229
7707
49593
27725
18013
64897
52357
55729
15570
45588
59217
9752
28898
64117
43824
17651
31052
42244
6435
29555
4241
1565
65278
13368
45946
44908
36782
43117
47615
32900
13894
8204
20052
26873
63262
45154
2439
42675
8157
14144
1274
52415
56612
19617
53963
41179
14704
49892
38067
61456
36341
45025
28371
2764
7894
49225
21797
43397
26223
54229
14457
25131
57751
31709
64930
56594
62724
42848
53559
12310
17683
36541
12568
11025
11045
2163
17387
57675
32996
51561
63866
21337
2343
23977
13763
34064
10005
49698
33504
49360
51918
10287
32690
43024
4923
32129
15266
62889
4741
49629
25456
29248
650
40423
61267
43710
47386
23973
21668
53469
23544
63661
61570
10301
62007
2130
47547
39876
48215
10977
59938
50134
30604
26496
4197
53383
24379
17966
55014
61535
10278
44268
5439
9431
40828
47048
58076
21478
63858
44773
4293
20081
4474
19258
13503
63066
28648
43365
6264
47420
57820
33827
46283
44641
33668
49586
17265
49971
25650
54117
55531
9197
14316
61298
26505
18232
18811
57809
65091
18919
19285
55995
53318
56079
2729
12242
18896
58014
2124
55971
48386
34756
3492
56246
10747
44983
11048
15222
37422
47176
46233
54658
25073
23484
2303
64980
87
38465
34411
57654
8417
62391
22680
10925
64802
4555
47607
29911
18626
62691
8147
47199
2677
30518
92
3794
34199
47996
30518
39202
37791
842
11960
32613
17001
7579
8642
24669
6772
32846
35273
12940
177
43092
39037
46783
27735
64839
64749
23512
5979
14794
19962
10306
585
4938
14722
56940
42838
52766
52879
35998
33508
44179
1734
6491
21031
65206
59896
57888
48217
33050
33734
27171
24892
14304
41800
3849
18114
35837
25954
25231
49449
26327
53510
62976
22822
32956
8850
55908
15159
10290
11632
39816
23701
32702
42872
42599
51217
6051
34918
19939
15741
544
3905
65229
8266
30007
15619
64326
14568
58915
33847
59042
5519
51523
29043
9983
61105
65002
20532
58990
54720
16384
27207
62458
14122
39429
56388
37407
52304
50244
41082
59835
38377
61359
12682
1039
53289
19021
40991
41579
15086
23336
59419
63644
44210
36732
49466
29891
6097
65183
9152
64394
22114
17445
42867
29904
54871
56286
61184
63826
36175
30445
6581
10680
54545
34471
1395
55882
152
53308
2375
22027
52275
31639
44645
39324
40904
5859
3868
31230
31056
55063
1946
52211
27553
27992
61089
15356
58003
24934
2409
822
4861
18286
10621
49476
2116
26963
7577
17014
35434
17699
36693
14232
25892
25443
2056
34444
39799
17990
57417
61997
58861
40825
10052
48845
59473
49018
46303
16655
19679
27805
56210
4278
3862
36939
37924
22407
16747
56322
293
20239
23330
2938
13452
18514
61590
61642
59532
23151
25301
27720
42180
4509
59634
64517
62664
27349
10973
48096
56429
28780
25458
25406
28772
4908
29132
9954
6060
25318
33945
40626
3142
48746
9632
4890
11473
24744
46925
27858
54163
16786
61253
21087
28595
13305
46687
35089
13787
24614
5388
8937
35069
31799
21259
62533
63110
34911
16995
62380
4013
27918
63897
36458
43768
28833
54392
58558
51834
13928
321
42555
38766
47923
35777
4322
31598
48284
34484
11618
38876
11715
50398
16161
27001
4343
38352
53445
51524
65257
57640
49097
41958
7928
63182
54128
3343
56304
12898
1278
6730
50267
32494
29192
28059
38683
40311
18238
10597
27242
36618
42729
12992
49526
817
51879
51995
59056
56205
20258
3880
50534
47445
18328
37452
1907
31869
15170
39820
31220
37124
54531
22275
23254
6975
62166
55078
35050
18464
27154
6070
35737
39265
12194
49179
27074
12490
37498
32890
20587
29733
30162
29419
32830
12241
38311
20282
44656
12365
61808
28001
16946
39952
33117
21153
45644
33294
38416
43973
36373
37038
23519
62736
42075
26571
7638
39653
26994
46647
26884
7097
21890
63142
28218
1546
47920
8307
63872
7961
28821
40571
35304
42969
56683
25996
40264
50417
56482
52970
60912
23374
34998
25022
61554
41856
57391
56957
34237
49139
60160
15686
7321
49608
40608
25685
40000
61714
18144
2176
45092
35716
59578
10811
42802
21173
54533
52286
40645
5278
40108
26562
17303
63987
26782
21759
50276
11752
38087
34094
42736
63306
48833
37953
50287
21766
22213
61727
6993
2783
13723
24232
2369
47563
8689
39855
9904
365
15348
210
27894
21709
46038
47633
55381
65321
28282
20074
16630
19209
29520
42174
27020
41961
24344
34446
33985
25160
54112
40805
53699
40587
19470
2137
52432
2865
759
28449
56036
3678
3896
56662
63808
3433
42515
31384
39755
60426
6300
33196
52720
28347
20702
52696
59579
7938
61101
21533
55188
56700
13744
26733
64143
4929
24958
1095
2672
27830
20214
26093
23290
28258
43888
55606
53101
61877
62246
17739
32241
32367
56590
54226
6306
28825
5420
51913
57489
19326
2735
6065
45935
22980
64928
7126
32511
47874
58994
23694
7565
3209
54506
54542
48997
39618
47166
37318
4782
43076
33520
63117
62547
46414
9568
50130
46247
20974
1364
40652
28253
61424
62766
23209
24888
433
46730
44598
24306
42208
5786
55551
7563
48382
25344
61712
8203
794
57064
29452
21021
63019
13970
14431
49637
33197
22089
9848
5259
61036
53003
57797
34257
29956
35260
8451
25172
62557
33958
47507
590
22405
45744
22953
11419
57758
17433
27008
32126
951
3188
55569
43678
17006
40848
7931
16301
10263
30447
28559
49956
17650
43297
64411
14742
30846
20038
15519
49508
38246
30544
11415
53022
56738
24931
53157
55826
33846
444
38343
62488
39068
24829
2880
12620
35949
63778
53823
61787
50680
35671
3166
12760
22881
52966
37177
31250
41666
18816
61919
37183
62067
50096
18200
58348
35771
53207
54072
40084
43401
57700
44737
59352
11599
7547
10458
46130
41277
3256
26843
26211
42022
14779
32760
64625
44976
22119
25657
12675
54828
5379
20451
30556
37514
15154
63481
45585
40495
42563
20082
9765
50691
27896
1891
10745
4686
4138
15553
3320
35628
46549
44060
10795
48367
38542
44342
3230
60703
53419
61019
33975
29612
39316
47674
23363
58369
50478
19213
54648
1908
41728
39463
30659
59455
55044
37564
17142
64470
24639
52152
8621
35815
16425
35398
5689
60137
56230
13167
29686
61538
43694
61174
40865
9357
48993
3939
12980
33074
8737
5164
34518
49484
63350
14996
8431
23868
16867
34995
34678
44129
9321
38771
28319
15217
46051
22139
35040
1600
8085
41634
52662
58055
46889
44001
9089
61849
13206
9043
11169
14368
4235
34007
13738
61892
45018
43007
47832
38753
160
11802
25866
43419
4615
21557
40704
29215
61709
52887
21892
36157
39993
4142
29822
32644
15419
15631
14109
61460
33948
52751
30114
54963
32153
22478
2917
62449
12377
24171
31972
36784
2193
18280
3501
4981
42751
61705
63645
5230
11602
37076
41774
58320
63217
42893
35434
15040
2592
33171
5891
65007
18595
24474
45900
43856
53166
24569
22612
29042
41217
6290
18212
11006
27522
21152
22579
34981
46777
41631
59963
49804
2580
61507
47923
45895
16768
4160
53864
8621
57955
33020
34070
18434
36931
1562
4415
28651
46087
18218
57853
36654
44834
36225
10775
5857
57362
16111
5761
54025
25166
49653
21774
59738
23724
44127
11646
33712
25606
22855
28208
18530
39400
33103
9899
28797
37892
6895
26967
18847
23612
46970
56111
23908
23485
228
13006
50665
17686
37104
5416
58125
11774
44022
1355
28044
16172
2126
9843
27990
20300
36255
55634
60446
23510
16227
26740
52216
53041
53149
62166
44245
25691
10777
32475
32476
32733
44671
47859
49252
44344
53037
20355
63712
47623
49682
46534
18096
26284
11224
8389
2634
29445
63743
1521
50448
19125
45366
12393
46187
12988
24926
38593
11750
39577
24903
51469
35002
47437
55387
47559
18741
19813
12956
45297
20070
53511
50229
43560
37183
45795
22360
44085
17665
23964
41042
55417
28482
18282
32552
7934
53287
32730
22731
6194
27732
23986
21164
34575
6989
52732
58096
53245
49970
4587
27185
515
59423
32434
44354
56135
54808
48567
4414
11471
29512
8034
43662
34271
13662
4660
33114
12361
23655
61890
56471
34126
39255
56402
3946
58593
22321
35978
50197
2689
5569
28271
34575
3878
48013
54049
36334
57532
13217
21795
19448
2616
63560
18710
55695
55498
49721
47212
8207
261
20727
41622
18207
41795
62531
21548
14463
17052
37878
52466
45407
22397
23247
33355
27483
34931
27544
7548
44232
18701
52823
34146
2927
50876
46678
18966
34141
61617
64514
47029
8372
1346
16647
46399
55006
49851
63743
7297
63337
46648
43468
29184
32732
15874
6460
49285
41776
17783
22020
62156
45191
42474
19511
62050
14549
3964
34083
51086
37250
40630
33153
9899
15486
28456
64777
62162
6106
8921
10209
49480
22606
26534
34952
32627
7204
11291
14009
34743
50860
33798
38839
31378
28763
27830
31934
9960
35050
5751
44690
7671
4289
56756
51645
34741
64923
21700
59445
30659
59618
6115
41051
1221
47680
60783
7414
63461
58514
53588
28885
33201
4027
13044
60089
52488
54602
26302
3098
56900
21895
47469
62774
4968
59758
13698
22099
10675
20319
40117
37128
62556
25386
61010
7645
26055
41670
60062
60557
40779
30682
64421
31255
39519
8766
27715
33546
15327
57078
19767
26062
31313
5841
48870
25136
44147
17627
18798
8767
14433
1983
47884
32799
52999
25630
19335
8052
51409
59243
12984
53330
15667
47540
50533
39844
27670
58606
5198
56167
1237
5956
11088
8388
59655
30172
58318
18283
33944
20456
11928
42169
31052
2539
7489
56677
6401
19896
19256
34196
41257
16046
34277
52502
41471
64658
24850
46611
28154
11719
26187
15647
796
16626
9984
6956
16063
26765
28047
55075
48601
45495
10585
32735
26782
49394
21794
5243
48852
23792
5406
54885
19537
26933
9714
41827
11081
22473
3086
36175
53779
34045
4055
20580
19829
56195
9638
5190
42421
34771
50484
36863
46965
48232
25084
58890
1610
30275
62068
56402
19126
50679
53183
47367
50668
20466
29616
34849
33319
6812
9452
14774
35862
39336
56886
17558
17967
25437
29782
48268
63909
37767
31723
36152
35200
6414
28850
12600
33464
44799
30286
8124
22325
15186
64131
65144
2284
54559
35675
9824
53051
31236
58286
34627
60596
19365
1657
49862
16742
59772
31693
15255
62114
6900
23176
25426
17468
54480
28597
37113
11424
27521
46
32408
55812
22797
10465
48041
2433
6455
16683
63354
42963
57582
45864
4747
59195
13986
44572
44858
33039
11957
18354
43729
52712
58722
18229
35989
62186
48331
54737
18359
9562
35971
1116
37240
50672
57948
9812
18252
9068
44787
50449
34453
52383
57637
56312
53706
17850
36185
57170
63466
24867
2526
4673
22051
61326
58670
44971
22074
14062
36689
37132
31826
56158
61525
62700
41999
46486
40896
15498
59264
6143
64548
27453
30103
28605
31345
62735
47547
30404
47662
9097
15270
42388
49409
33238
15473
2208
24675
41398
23826
10165
14845
30675
23631
13347
29004
48405
9205
58492
9389
47215
46579
56492
9386
36593
195
1971
59779
35711
47566
20687
18470
59112
37506
45645
9625
20459
52245
15297
40046
36134
10197
6584
45105
50467
9493
2749
57437
15447
47136
51946
42844
37531
28194
8966
49307
12548
11722
11662
10878
364
63523
4084
5906
2192
14327
62358
22591
54334
38684
59234
11049
10106
58197
29882
18176
29525
10958
48374
37786
39105
31411
4113
19227
56048
6352
49114
26688
3798
36530
34438
42832
12350
6243
12183
64174
7800
39368
15874
8908
41329
24869
37726
61700
19528
26631
56548
19858
33840
61758
59152
34267
60205
16221
5349
32565
65214
49679
39796
12986
4101
26653
52108
3543
18189
12321
9989
45729
12310
57439
55426
57911
9516
60504
54843
22417
20362
61106
63019
58542
55204
39219
18309
29593
47452
42505
65028
53629
29607
52654
6754
35593
63374
41237
59445
6149
15467
40049
64116
62476
28543
65430
65206
1933
41868
43298
28885
27329
22969
43787
22753
56535
63222
11955
62889
63171
39041
49237
27762
35055
18315
48493
13518
3054
37547
46121
38079
55666
43004
11779
59074
50889
28828
46279
41553
16579
32353
48879
19699
29295
29333
40567
33314
7059
16559
22997
52345
54661
44102
53115
37971
56347
34769
3187
44791
24386
46815
53672
48818
23851
28510
24030
13290
28443
47551
18918
65005
36320
13044
41431
23706
45851
46027
18648
27222
44280
47842
13727
7616
43918
43009
29085
51397
65163
20258
38294
11955
28664
35665
40755
5702
21603
11993
40213
27151
33498
34079
875
6326
4733
41166
57706
17059
5532
26983
27650
54537
41838
51797
60102
18113
21123
27027
33164
13210
16125
62405
20692
22250
32474
41260
1389
18541
6204
9349
20712
15798
8089
36529
38520
65467
51613
8113
23203
15158
56375
50387
61532
48998
20462
56505
54385
14868
16236
38971
32767
46018
40110
19553
56692
63121
43679
3087
63462
51335
510
11759
61585
44735
25642
7649
2011
35695
43139
7489
27390
13571
55399
38676
1360
60257
11289
32030
39452
40085
51077
7526
63379
7321
4993
39613
5409
27011
44765
30325
49674
63482
32567
4372
40817
27726
34401
43748
29876
29725
57301
58474
45287
25006
54117
56246
20564
62626
38700
40961
24352
44139
33553
42004
19706
42003
36333
49690
4215
26220
57603
13677
5254
55694
57732
17021
38451
50853
5799
27306
17680
49861
22898
57013
61698
30631
40783
3798
580
57117
29268
9808
5432
18356
5655
64906
15891
60177
65125
18608
29760
38791
6759
27671
43690
15614
2037
28999
34147
54089
57082
48047
38921
28484
10811
60074
26588
21765
57577
47934
26267
322
27229
31595
27256
5227
18829
12495
45382
39211
19966
4326
7225
49347
50048
19896
40180
61034
9140
28595
20090
40604
49248
35331
57780
11182
63857
51406
10939
23836
10512
28834
60620
33336
43205
31126
38976
49924
51711
10446
64409
48458
61833
57110
28246
39266
5149
22409
56798
43171
8801
10643
34817
45402
52345
31454
34840
52848
45737
38347
16978
4374
12579
44173
61819
23812
38876
207
25909
29958
1091
40628
738
10479
41578
53594
31786
475
16253
53720
63711
21608
38315
46012
31473
33614
55438
57938
23522
64961
56552
9958
27220
46281
27049
34414
16373
45206
13491
38551
17183
58080
29221
3912
9955
42156
40218
39219
62260
7250
29411
57317
47464
62249
58828
28446
13103
63218
65502
46426
28740
10444
63279
33295
30650
25039
2728
60137
38591
47835
34090
62300
1279
57660
59481
8833
38006
65532
41401
54721
22317
15358
8783
26561
41026
28856
16304
28270
36155
43774
23813
27701
10844
57006
50873
64932
41131
7473
29091
52328
51359
65451
26724
18158
2320
38437
2231
25253
48259
27664
34855
45963
53805
7815
10132
23241
20556
37847
64152
35581
37593
13695
33015
48439
59775
58823
41317
57930
40116
36420
11191
50189
11061
9619
53347
59364
55968
43690
51025
22476
53119
21342
3246
40142
11842
12469
6777
37368
1077
11471
16108
12345
63028
4336
36536
11053
32511
41657
64900
31492
19923
33688
12681
11079
65009
19035
22214
62305
8092
47379
24518
31914
11752
21326
34768
29882
55375
42737
50625
14212
19988
58134
20326
55005
24676
18818
44901
18722
65085
8515
62004
23510
37288
63736
30380
61502
48982
35726
23783
49151
1263
15159
5506
54098
44690
53708
41894
31190
12481
41661
23399
42518
5024
63732
63404
4451
53532
630
36909
11739
34313
19886
15400
55025
9056
54387
26021
49339
28529
9557
10805
42759
14501
55264
15722
5728
43612
16346
14566
47594
46122
45588
2154
12343
17575
16766
36674
31796
29398
42018
23574
38910
47062
39776
19867
45690
38207
45350
29081
47845
52918
22859
24757
6440
20437
60154
46634
32837
55849
23309
51969
40351
60068
11519
34171
41559
5396
35104
41376
25941
41015
41806
9268
23911
43531
51085
7225
32774
19794
53984
47471
58006
51106
41814
30973
35891
4170
54299
10843
26337
16370
1506
22688
44629
56404
10218
3122
20438
37389
63741
62650
46787
54028
13898
38420
64720
21350
21208
35014
1187
11752
22784
9773
9462
36919
34504
21973
42713
57087
31536
42524
54973
49535
53646
60757
24055
22713
37303
52271
42493
26766
5028
52443
24542
20000
54078
27535
4686
37005
17315
53442
49843
9544
26473
20756
23804
48158
44605
60244
18418
100
22698
14935
33688
45432
62069
4350
29631
41474
12640
22288
6526
40643
35859
21820
26254
1781
33551
41148
586
5421
33667
49022
1187
35743
9277
18360
56841
56281
8712
3652
11895
54670
34353
45420
40251
12717
2924
40140
28314
29377
27143
15620
2614
44681
49455
64838
26714
46294
60044
41594
27562
30079
53312
52368
35482
31612
36519
62700
43285
18036
32712
40231
11368
11923
1059
56969
53418
25636
21329
59007
15896
58596
48076
49154
19965
4873
6311
45776
31369
23713
1014
27375
30939
36427
55499
22324
16618
33056
43241
6359
5041
4546
3650
53470
27452
12095
18628
39225
4280
40208
19350
17959
55776
59409
6297
34378
51082
14032
21415
57200
46337
3488
41121
10547
61204
36862
56192
5093
10270
38426
60600
5651
28309
18900
38246
37582
11315
26049
56918
15109
62338
7279
63147
62517
48862
57200
40954
12156
7338
52912
55341
386
52939
65020
34064
23614
1132
24744
24556
40765
30027
47005
31387
53442
24518
57703
15176
18990
22250
1791
54169
2030
24514
41848
28419
43718
65377
65246
28337
6940
50077
13145
26849
64149
63252
55991
34411
26977
8091
29063
20294
57322
20825
12509
36281
55530
42455
21059
11396
59273
4593
57019
38358
48504
51207
33664
46749
7709
34034
25972
6649
29978
41221
42718
2858
59660
28427
50573
875
18849
28939
57999
38967
62270
4786
64745
27569
26740
14205
33537
34428
18807
23248
4291
12027
62744
25798
44134
16251
51401
13262
48622
41852
18035
23407
64784
53763
46713
32418
36518
34724
11413
47516
27003
2040
51921
23032
31898
12465
19177
59348
22437
50613
28491
3088
20657
59577
33094
26480
58191
6173
38205
43802
21491
24217
45893
20073
39556
57923
46039
52249
20765
7055
24506
6008
37605
29207
11919
30928
61575
45554
60110
46531
51909
45718
42363
26028
36765
62113
36719
15967
34926
42573
61645
11206
50317
46249
27077
22705
16567
60716
53690
45431
16592
7288
23453
38879
44593
13965
41749
29453
62574
40805
22290
59378
15384
22636
55268
56578
4870
60051
44105
52734
36597
57374
3410
57753
34708
45142
25066
17326
5736
60344
12969
8052
23081
21931
53248
31022
940
26215
45860
40034
31354
23853
62707
2641
36373
49025
53592
31510
21290
21626
1152
51650
26693
26360
9099
2706
13311
38716
41175
8405
13469
55602
30105
62815
7559
33964
44067
56588
36080
42316
62691
3944
49532
10273
33001
55727
9178
59304
36206
45052
6269
42246
11595
16083
17665
54764
35790
11968
22168
31144
35141
47646
60870
21384
47648
34493
17971
63663
15456
7686
64181
12670
14250
64127
1500
8376
12758
419
37637
42873
34647
30590
50629
3437
56282
31914
31923
41899
52328
26059
8445
64320
60779
20620
37996
4105
24143
42130
12140
23416
12362
14238
52054
45392
21810
43038
29832
30010
45533
23845
22696
23303
1155
20686
33116
30858
378
34402
12331
41225
37850
50858
57809
35868
3673
28265
2501
13339
3491
49505
56786
12125
63311
36489
33616
48362
44110
53604
9348
35582
8621
61564
60514
41803
48749
64093
41112
50968
10574
19164
65317
36416
61964
51188
500
61522
25991
55475
4328
49882
44790
38711
43112
2077
30089
12030
20161
60417
5455
36473
28035
61483
55691
50662
61886
28420
51096
56199
1892
60260
53100
53297
64114
2760
18353
51259
27666
50578
44412
46340
30590
27531
3606
27044
36412
18844
35198
15435
64671
28541
35546
28338
29221
30467
39025
36647
18743
53697
41515
24564
6841
23274
60425
25401
42017
39857
35066
24155
39676
36035
64408
12778
62505
32265
54639
16786
10262
6730
2193
42062
60013
13728
52679
41421
58058
8272
25617
17130
63657
37884
46080
17337
22380
12838
51912
46673
30133
51041
6668
21181
36016
60145
12192
33918
42910
24537
15658
515
57183
34333
40745
58422
45195
56499
54098
4995
29001
12506
55268
40926
40068
20471
22288
565
41089
42269
7685
438
3556
32894
58265
39727
4503
46349
26852
60362
49496
29837
2297
50474
21217
32488
47242
2284
10334
14480
48368
45981
31340
2255
30334
22503
64351
63085
6547
34312
8677
60799
62618
2209
63010
39352
10657
7038
19629
1249
58887
20318
38945
61873
17009
44177
3009
11981
10738
51312
20609
55408
30532
44557
9462
41038
36708
55516
28287
20840
3131
14249
58010
52246
5393
28549
39485
23507
46047
52621
63140
12293
5429
12381
28955
52821
5110
2920
24834
20947
9284
17350
13448
39753
65071
23735
45333
54150
36678
33596
60869
16943
36591
50450
41145
20710
56798
27765
58391
31333
39821
50169
9614
26692
51619
43129
19900
12715
17923
5064
54122
10307
56254
9085
60936
11639
60051
24903
10653
48992
17760
41685
13555
181
58369
60297
35967
55190
60505
45001
15084
2969
56246
18374
5094
10843
26236
26972
57749
54651
38420
31742
26932
50411
3810
28495
17576
14602
51211
16995
37441
6454
38936
26821
40814
6742
1057
34445
16838
18497
50120
55120
20307
15465
51353
39875
16806
9360
7660
60994
49005
2091
51204
36587
28044
36112
31314
17189
37614
698
14286
39577
41767
46675
45952
8153
21186
11932
31773
25858
44002
24642
27063
30568
34182
1404
56558
20304
24353
6292
12268
18219
49166
8955
7815
11947
4712
20626
25103
44124
62968
13784
26553
21649
59619
6150
3588
22237
1129
57971
28930
29053
43482
27578
54559
39770
56659
29527
62160
51638
13968
17455
17370
37783
60059
50672
4610
31818
65317
20925
59653
53439
11013
45495
57642
16874
22022
15978
36913
13748
26269
42955
49321
32469
34558
6890
56465
23319
6586
15964
1456
48555
41724
60166
54899
37872
42320
88
11404
55370
55718
43131
16364
56207
4854
25657
51845
42436
31460
24159
65150
37091
41204
12443
5837
52077
34679
46237
5831
60353
23315
8002
37316
42331
40269
56873
52768
8957
30321
55915
59860
52551
57194
17836
61244
36161
50922
62763
43513
8568
25636
41422
31014
35295
55802
36468
17676
33596
30706
22686
9904
41863
2436
8512
41996
24293
45056
41488
8277
54621
13647
18928
36757
43139
55692
39882
21008
56649
5924
16196
8486
50989
47541
143
1934
53074
57617
35327
42483
34000
30838
63757
54543
45613
63839
40663
47514
49853
31166
17290
41535
12477
27716
12702
42499
27107
40882
17882
28795
59275
25276
48841
11046
63565
59127
42979
50868
5027
48730
38283
38237
34299
11861
25765
24697
11739
58692
27651
44221
5442
38607
36711
56255
8307
906
32811
7237
3073
3752
119
18754
46573
21018
44954
27815
44847
44079
23437
54705
35886
26638
57999
53103
39204
57014
47271
9600
2217
3469
7894
13019
43432
61903
28314
29683
36232
26110
39967
53827
19482
4968
792
65532
53141
25632
25656
15725
43769
46696
52256
43285
5190
53392
13718
1863
30617
7128
43660
34766
63160
57322
7706
3190
27360
21134
58432
14029
13697
41038
65231
63014
38552
55787
60792
36644
23069
7746
4579
63064
8126
59193
13733
42492
49909
65162
48474
27653
47260
40711
23866
1034
6778
35939
5525
35710
39660
53952
2368
43234
18870
48531
30799
21288
9958
22931
59738
58723
60193
22360
7130
10479
24006
16223
61623
40614
60529
39185
27953
48742
7049
49057
34933
9745
5451
31434
48695
45584
36900
29070
14158
61669
27896
26353
28491
4158
22586
25160
48823
57967
17534
19044
32549
15810
2248
33494
27588
53921
54701
22204
10688
54760
54544
3642
10184
65184
27046
33980
51146
48055
23430
23056
1366
40796
35479
41643
11128
50283
41699
46058
30769
2297
19985
9172
18209
9963
21450
32216
2602
32778
14863
48723
2914
14087
5782
62425
56723
37424
53283
43539
50826
27994
22665
39825
55608
10087
38571
14365
63261
56583
15937
28198
41345
46159
22502
29577
62005
61293
53653
60532
61599
36966
58442
26895
24686
47926
52636
57332
14258
49452
39047
42641
41211
2124
62428
57926
46140
17544
4668
49718
7301
34357
17651
20291
8837
13432
4435
28331
63690
46585
22850
26184
21499
63196
56965
30375
41074
24385
4688
44125
7626
21611
46595
42473
53683
31615
2633
6480
50673
16414
22408
20599
62008
59934
20880
31641
29334
205
42623
14571
8961
30091
7534
63779
47401
28157
21044
63995
64537
16325
49945
35755
9534
48214
34682
52929
34309
52322
62908
15364
26495
57244
58595
52819
25609
35696
41001
32923
27862
13566
57978
6278
25736
25964
11721
40480
47393
48677
46626
21899
27693
50265
45879
3243
58958
41594
15010
6276
46204
2282
57837
13530
49075
63607
27567
9749
16403
36726
59322
33797
17435
44536
62551
49557
58467
37722
317
22397
31093
33872
56158
10022
3348
29790
50258
18008
39959
52600
11630
40687
46540
29686
5014
1137
51189
30206
18349
46804
6172
20886
20677
39983
57882
5384
20173
61561
1580
3959
4823
11713
31008
64876
31203
17590
47431
9015
62821
34647
49032
52449
12301
28618
26424
11332
52819
60171
51185
34694
22131
5066
61967
11738
13867
45689
31652
62418
54628
35116
46971
15345
53858
14274
8903
28058
52787
63075
65485
40131
62186
48750
26463
38189
6470
57802
49168
57242
18967
10205
25221
43881
11907
6827
35886
544
38153
64591
8988
5381
37381
54614
55116
26781
26821
26841
25486
41622
2652
55598
45140
24473
56472
46183
40196
47945
46447
16083
32922
5336
29953
58424
33675
26555
38656
16978
64565
31235
3492
57354
54510
61153
40575
41043
49882
56052
13108
5714
65481
26093
14851
22974
45662
27734
41692
38028
55848
12018
16324
14166
28982
6261
6719
12997
9358
17002
27542
32796
29364
64394
26061
21668
45790
52193
16501
13837
5606
20554
4595
25494
58354
44880
30348
28370
29548
42888
35125
60899
42530
17408
63046
57818
13569
5299
42018
41698
12210
21612
66
27944
30379
6934
17915
10744
28995
5626
60208
22650
43935
16730
26217
15803
16594
26185
24125
42024
6537
64582
42537
32318
58119
51914
20114
63993
50522
9810
54767
19653
55994
7317
52909
35360
2712
24630
56552
23706
30481
59576
29015
4955
41919
62023
14060
35718
38767
5553
58389
3831
36204
9638
33565
52500
45490
31054
27500
12040
27870
10235
59409
30473
42120
48468
30837
51505
13755
58267
15981
19790
56991
58919
62488
3645
31582
18869
6039
46234
46017
39799
48900
21252
9776
7096
8436
43601
14672
22097
8396
34078
53112
46120
1387
37016
45594
22895
25677
16836
18692
40996
23423
62409
29616
9620
52934
58117
37459
4545
44855
38840
45559
22581
37929
48212
5720
58580
14414
3284
56425
5032
12464
15493
27249
38932
51449
45294
34672
5982
51304
29013
64353
23743
60653
24880
57570
29965
29956
39638
60486
32489
27646
18708
48534
34420
40165
45062
32256
57821
38562
47337
9390
20996
32873
12343
41392
49203
25667
7814
39877
39988
10612
18050
14590
28526
36581
57826
38404
49890
6558
36559
14201
38753
34148
40147
39073
33895
50446
10205
21220
5845
51934
24299
37518
62118
32362
34327
3994
61502
51103
2698
21764
61069
37934
17176
39568
18987
38152
15359
37123
42461
41251
11335
16790
4173
36873
41472
4452
59925
50254
47649
42447
56754
17657
24104
19260
18892
23724
51193
59034
25935
63565
12683
21456
49868
4586
64949
7785
22066
28480
57708
13481
36820
14985
45841
26123
56353
27033
46228
41497
51633
3424
47316
53754
43913
54233
45631
54296
61230
19576
23097
40246
20960
30188
34280
32669
950
42816
5839
63573
34903
55581
42299
23695
23450
40060
2166
21590
41379
30219
58146
7450
56410
4950
54985
8578
34459
36246
49039
13690
47245
32050
62953
59403
57782
43425
51099
10689
37837
46157
29190
33454
61438
53272
13513
29048
21823
7279
49043
48249
26826
63970
3366
17041
20124
54111
56291
11185
1151
593
7860
51945
54980
28235
55348
17526
3356
41228
26636
18322
29813
44307
34632
211
65340
23635
37283
34495
4206
12846
28003
47819
44782
7930
12104
23070
62849
17372
31068
47327
33624
50392
62335
39435
34739
55721
50578
36155
38043
22089
61485
51788
29649
16190
56278
14061
35462
988
19023
49168
1654
33382
33795
19159
6982
37169
26140
60821
18727
25079
26710
6990
17878
22787
47891
59080
36507
19792
47618
30426
17386
23223
22960
59406
6462
59312
7222
36394
52201
46133
24764
39939
7132
54052
29346
46074
29394
1289
1851
28669
12984
11901
29006
45687
59161
22556
682
59318
60905
65061
28468
64725
59125
2514
34701
871
13010
22405
27798
55222
51582
12499
43993
29506
7627
31358
43708
19502
54433
39459
10698
44098
12627
63648
29458
33907
44519
12358
1298
53675
56530
63829
162
10542
8390
32411
8604
50715
48468
2868
18029
53675
41832
64042
29761
63035
15266
50232
52910
2702
41367
990
47955
19016
3366
48533
59886
30358
8356
40376
39156
63434
23259
38389
30048
39943
11141
4901
61142
14717
39603
61302
58706
64112
40475
20795
42400
65261
46175
19003
62341
38413
670
32521
18568
23687
51463
1703
9001
35457
24391
15066
64893
38584
32305
8660
21828
17642
55758
25882
26237
62715
42166
12182
43265
16127
40123
62620
6236
56037
51747
15002
26603
46406
64395
25238
20299
63364
51503
5513
25773
47804
13569
39009
19792
42538
33719
49388
27668
17067
42519
44651
57399
58201
37574
64235
22886
28424
55919
18609
48169
49185
27435
28230
55547
52650
59753
3747
45114
3156
5149
32463
8008
21893
28312
57984
19571
870
57833
19167
9850
4838
9184
9935
6852
10523
40898
52111
9866
59635
42644
32656
10613
51128
65059
12358
14377
61135
38561
22211
49659
29067
51531
38864
9915
7710
33750
52401
52645
36631
36694
25811
40405
13042
9003
16630
5715
9500
49245
9462
26527
26416
4087
54254
15544
13116
25009
31717
61723
13072
5872
48330
3051
32108
46912
30846
23965
14128
50226
46311
55911
54046
45373
35094
59716
40663
55053
48527
42394
19354
33757
57909
18298
39805
35384
39274
64139
21340
24295
31581
48623
31249
39057
10897
25106
39608
6464
27934
49228
46263
47662
51699
9356
55726
37932
24307
7100
28389
27549
37568
8504
8857
47017
65149
3135
25753
15510
10479
26894
39283
18057
42687
39972
36980
29962
20135
20056
23891
25485
30003
5364
56707
24136
49072
43778
33480
9667
54511
48428
14789
3158
50495
14770
3495
29550
22119
34756
39038
938
53751
62140
44079
42195
31867
46058
39134
12156
52924
9064
46499
32258
16432
45315
885
9475
6687
58776
25203
55967
14542
51815
58731
54749
61840
36260
581
61985
35456
49617
59380
13103
18998
52825
23439
36310
62989
15741
47202
43391
41886
64957
56307
42494
25980
20984
29768
4640
9796
1038
27795
19747
23577
45542
65070
61245
45495
8666
50268
48734
55709
13313
14475
5036
21552
64383
47949
1882
8825
44983
51640
27599
8811
42776
8397
32791
174
17242
18399
45502
16545
40032
29785
15812
8106
52419
60968
50965
11265
13007
3902
56486
8523
59069
36866
64837
16094
18148
23991
38802
20923
21883
57735
24332
36704
13922
2110
36528
29093
26013
42816
52467
55189
47532
496
8488
6046
9357
12830
2742
21811
36785
42306
50382
10977
23567
35411
30087
18406
55551
62211
35761
2943
41068
44387
56376
53998
29537
59010
10715
56510
60549
50773
13268
10229
52016
12839
22969
61656
22437
9865
58688
61199
61812
60322
23085
47314
28287
47214
46076
29300
40797
3268
65337
59918
20633
10215
25301
48607
29597
25585
55460
62958
16124
42319
50022
51345
18750
56619
57940
46092
28048
15114
61644
23301
49735
35651
60281
50923
9459
22834
60327
42793
10936
50436
49209
11972
49296
16476
9070
21105
32364
59549
37138
59186
7401
22909
41303
39420
2941
64606
18511
46529
54514
38022
47890
56954
57519
836
13923
29559
9554
39639
59463
39771
14426
9329
12518
25640
57264
25050
32028
6237
38663
1412
507
37256
40151
41258
46517
51462
39975
12832
32477
4597
51160
52226
55227
34040
44095
60108
31784
8180
28967
18411
65041
47232
59298
27751
50096
3158
64788
35343
15292
63668
54990
5931
5808
45102
10931
11602
8307
46863
16099
63611
1999
37313
52865
15236
53580
3634
5480
13996
3351
35755
37431
32278
62104
61621
65396
7919
8457
16121
51826
17754
64638
19350
38041
17270
12170
764
59336
54837
60772
2504
62563
5824
40573
53488
63744
11513
50476
24365
13147
33095
48578
43036
20784
35035
41328
51468
25257
18888
50730
33532
8532
61798
39633
30580
35803
1926
19780
5096
36431
28864
22300
34714
55438
29147
49796
10624
56556
63101
56280
40370
6903
35258
29925
23115
62909
58612
2717
9041
51186
23343
48509
38941
38825
805
39364
46621
16952
56669
21389
23011
41213
39222
8835
47395
13481
43223
20544
36743
65224
9409
35191
9092
12019
37089
1528
9364
26182
812
3345
7088
59776
5293
73
15578
55568
62261
15420
52168
60234
30409
40887
64062
4863
9467
50191
3557
8016
2396
8887
3114
64369
29974
56435
52909
60949
13177
3926
65163
25783
48561
25925
25208
53815
53524
5894
18195
49357
36275
55594
65381
59164
50339
39931
60235
26961
37108
12841
28658
47514
63675
51576
39673
17227
22001
19639
12624
62437
61181
31150
3259
24999
33646
40448
40111
16190
50897
36734
59337
51683
49892
2719
60882
42145
13697
37933
36934
5711
62825
13270
22858
13114
59664
7308
25251
59163
52442
3152
45481
54190
60857
2284
41571
27176
33542
61634
43333
62806
22495
42105
53494
39141
25773
25904
53301
10463
58616
4639
4329
6689
49135
18678
22768
47047
30991
6652
38529
38222
58581
14656
25277
60459
6654
61885
32604
10316
61479
855
62914
53273
3385
3163
1581
31210
44340
48052
8308
37510
33063
35749
19915
1837
21434
17039
44644
12741
36034
12381
10405
46631
24622
36154
11286
32894
65136
32973
5226
27765
36073
14961
47219
5228
25276
23285
35787
23203
32107
9576
63152
62291
50430
49435
10094
41549
59936
4754
49793
32157
22248
5720
33588
39621
23507
27253
24318
63720
61723
1990
28871
29659
44563
39361
30530
12799
11206
5055
45996
40339
25176
33216
64850
15357
61338
58452
23698
19639
60656
64531
21377
23364
32085
36600
54389
3202
4352
49501
37054
2867
33034
18523
4385
61542
45045
43538
39533
26316
55399
53276
40240
4157
2494
19443
13134
22527
45115
52017
14479
44250
47245
44438
48779
14850
4660
8868
18626
53596
26678
25451
55690
2164
61734
51741
30568
15852
16944
30477
26265
176
62570
28707
25759
58795
8748
18490
24983
57681
26420
57757
30834
40039
23811
35019
21706
10416
21873
21573
10618
52978
53261
49604
14864
37195
49876
52918
14516
28777
61144
16187
51882
65500
7046
4483
60357
16513
16053
50103
11357
15759
15900
7831
27797
24727
65507
61579
25986
23370
35876
14371
61143
5442
1060
9956
10941
59749
38244
1429
8713
24730
47532
11642
49074
42066
62288
9978
30294
25146
10542
1695
52422
61393
57891
31624
48414
33741
17874
16609
30293
62019
49906
2608
58221
60876
26140
7826
42278
39582
49785
61713
60121
32119
50417
35350
53553
30006
47620
3425
5586
6158
55267
34487
39056
62813
64543
51076
39478
45840
53016
25719
12442
45087
13401
19200
50074
44429
8967
28455
376
43334
31159
18630
7446
18446
63790
22429
39896
49235
24967
22573
51443
53748
42398
13232
61844
57226
8953
6372
38537
64846
26076
61855
387
22999
62754
53824
5467
53135
13737
24850
9412
21811
570
31371
48595
14169
1454
24130
61250
27162
8840
32537
34480
50759
45811
59391
27531
37207
30103
36456
54472
56101
6721
50618
13919
33156
9426
38178
11333
50310
56362
11288
40683
60940
18713
12344
5428
50727
24218
25441
43516
24917
49759
40753
64683
28419
33149
41275
49449
36448
64979
43377
28023
49774
5603
57304
6325
3454
63244
9435
6721
15841
33295
34768
13170
7742
54444
2228
19159
12348
26044
26071
403
43165
4818
30821
60290
53300
14677
58040
728
41905
19463
5974
10197
24422
44241
64159
40904
51903
38589
46775
60777
4298
45263
9787
27810
15301
31017
46159
30801
27920
18289
11656
36996
58804
147
46727
62378
30180
37117
27244
29003
53300
29566
50866
19555
14463
49482
5031
51227
57466
47830
31087
14933
56568
21139
1011
55217
63227
33275
59566
15272
45545
1953
2945
39783
64253
52600
19645
15131
50987
36107
46351
13999
3283
18639
25461
40496
25095
14645
18902
44349
20354
31465
49909
63806
2248
47992
41194
2242
40283
43297
23363
51957
1603
25676
26154
51047
62025
46909
49442
29164
49782
41317
34609
2524
19115
47083
34703
64670
35640
10929
36635
32267
29505
15269
57929
3971
6444
53529
59541
13515
51512
19009
18150
1630
2544
1910
18674
12158
9669
12008
56042
22447
17858
36842
21653
16529
29515
55350
43684
19961
29765
61369
21857
8587
34773
56080
37488
2088
62195
10162
11404
39140
59075
46409
14950
30549
53421
51304
50436
36913
62313
18196
26243
21591
27160
17541
14964
48647
39965
11312
28726
40293
16947
4555
10789
34540
12018
8
21532
19919
44368
48657
8923
51004
31397
39946
49339
40444
34262
23657
40386
18866
39318
41638
27679
30210
25380
58060
8807
3630
3733
17907
62482
7769
59132
61149
39543
28164
6941
54955
3068
33594
29214
29185
15548
13775
15088
16271
33261
364
55312
30725
8277
17530
5933
53451
58106
3662
49431
40737
41927
30116
63715
55056
39670
55580
28132
18516
23128
37173
14401
33041
60079
29126
45079
2506
5644
50585
4413
6266
51883
31386
3219
8642
48665
32467
5309
16218
13390
19754
36276
65213
34251
15026
56446
55250
48114
52622
16660
2253
32598
60285
192
10288
18145
36916
62292
5467
53865
49776
21897
24672
51078
1235
32037
12453
33562
3447
56576
45984
51332
64560
55483
22486
58008
35579
36487
44998
7632
2887
42922
47113
54089
28704
58671
21229
54184
23426
40943
24992
11019
14293
59806
25834
48107
40691
54946
9595
57117
896
40073
31938
38556
11350
19308
12281
27057
52822
21179
18079
8381
27826
53487
16619
40653
34926
12830
49655
23813
35726
10952
16588
40868
660
58985
19994
13773
49062
6531
9990
45117
58645
22693
48651
35903
9565
44160
28992
61253
15018
42684
43079
4661
43869
25766
46538
46504
52112
7044
7724
34980
44340
28493
46854
13336
50147
1464
45452
14952
37256
46175
30157
22617
12558
63159
23592
28243
43014
59011
11495
10557
47120
38940
8928
22653
12753
6191
24130
42232
5747
17672
40635
5729
17381
41327
21929
17439
11870
47522
21497
16768
53117
46
9783
28881
24609
39853
7740
41977
9950
10557
22952
33347
56768
39253
36039
701
41376
38135
8630
12844
18747
39971
32872
30540
6948
29068
48933
10793
56060
60273
64706
28206
25698
60850
46496
25053
46174
28859
39742
43770
40478
2592
63391
40238
24052
25161
2136
52372
724
53750
49888
14933
6838
30631
33966
31674
16222
31154
28264
58519
44970
54641
7801
1484
49998
50024
20918
52476
17646
57545
43510
56654
47279
61166
32039
40284
16848
58864
40954
59049
8861
22727
64663
35041
22675
39775
15738
22465
29847
40878
39119
5185
18212
34325
237
58446
61594
3417
65411
13094
18964
16001
21283
1093
7691
37451
64669
43855
53080
8377
6614
5329
18705
5056
23567
16748
16352
31093
5847
24198
63269
7950
37835
58810
15574
35888
20846
53287
39849
49861
10339
22093
57478
23517
46228
50100
14225
48698
43483
23399
50997
35521
47825
30125
51576
44173
61024
55586
51064
4215
61382
47016
3570
34000
64603
7016
7887
63116
57655
12654
63912
50634
37259
21314
29920
30899
53157
12285
2961
1487
40285
2242
13813
55058
9503
36207
57489
11901
21496
40237
62185
58872
19311
30316
37192
60902
13041
22961
64748
39933
12620
7532
9473
22096
5449
33074
12121
26579
26627
47678
11183
1751
36811
7956
35588
6692
29960
33733
26148
22515
7999
44014
10896
21921
36639
20657
9876
25795
51212
38281
15139
43432
10830
4174
61008
64610
5209
40313
52660
4618
10381
43236
54626
5077
57033
14589
12013
30718
23368
22931
5649
42795
343
2382
30767
16994
15172
21090
51158
41645
2947
57758
49953
39216
35519
4915
51276
55415
65534
180
22345
11062
52041
53530
53119
31350
38997
63090
19666
32709
46586
21306
38258
3738
60636
25974
11479
57774
20490
24952
2396
39979
49731
57614
63770
56058
29149
11158
42921
7823
7926
19881
41422
64974
34250
25088
46347
22638
33468
45178
18586
6085
37122
9871
65489
38948
27013
33800
29496
17450
39420
47021
24720
24677
14205
28070
30752
17521
39102
40028
8105
53932
14388
57155
11539
36242
48543
23325
5395
61659
62376
14648
39092
23623
3276
63817
48154
54782
29645
21067
33368
64056
11656
24064
389
17686
62818
44859
50091
1241
28893
7522
49999
17121
19516
61266
7117
25238
10334
50131
58187
17068
29082
29679
61001
32947
19492
38664
18145
51485
2476
62492
55293
21117
16097
9161
42931
46556
20959
62637
55126
11951
42729
24060
5971
19405
12088
47968
57405
39873
57428
60638
56306
35477
9824
20500
17997
20687
23628
15679
10757
16680
14207
47850
20004
28201
43928
64070
30247
52365
36559
42036
65176
28470
12996
58020
13393
6177
23105
59539
23427
30902
25325
37377
53107
432
19038
58229
53681
27445
48979
4547
57410
19112
267
62869
63166
33287
47104
739
48942
51883
28977
43811
39009
22888
6579
39713
40554
61492
17803
5535
6935
45423
62502
17735
18551
50733
9317
65226
53131
26531
2710
49716
17981
16651
45388
12024
33351
30836
6847
41574
10685
64018
62528
61755
47239
2712
25331
4821
31762
44509
17830
48019
36043
4959
16666
9028
16369
39884
61737
8674
62424
26287
15186
55769
32505
48617
14336
50637
19245
39789
15487
51842
49991
8977
59889
2710
52024
32060
21316
9246
53780
24966
50030
62478
3177
39606
49705
53824
19568
52328
26017
380
28404
38210
29549
50759
7469
35668
48605
38487
34052
7219
17568
10541
22503
31177
29467
10770
17410
2327
48650
36894
22729
43163
26195
8612
24055
47851
18719
57372
50734
56062
3504
41626
337
15091
36241
29226
59431
8150
54847
50545
49698
44013
8310
13576
64066
38040
24701
5315
13182
21863
46099
30043
59365
28304
58292
48063
63103
26670
41074
15950
25526
54600
49835
8979
61431
21478
7817
26719
20523
65533
19416
56964
59280
10388
24725
65259
46436
28604
7110
28093
43923
31653
9960
14831
43104
29298
19677
49663
1782
45395
38854
61851
23191
23684
43832
61687
32239
28040
19238
48000
52753
62849
27300
17582
2645
38398
3107
19960
50554
53362
28959
23151
1820
11641
55027
58369
18487
47833
36968
59758
10335
38663
410
2410
52519
25809
7973
1949
24886
6017
7359
10344
34685
38455
21380
8933
18176
3582
64020
1822
34944
48089
10682
33824
20104
63346
38381
61086
60834
6517
21278
33889
48200
23177
36842
13528
46342
14933
44008
30478
33522
3963
54872
58651
51247
39031
46990
3720
41893
35459
54080
27946
34602
51973
32324
35676
17565
21460
22180
11106
48040
57675
27661
58725
24788
49691
21767
8414
343
64601
42290
42542
16328
21367
872
55299
15566
23082
3689
35068
47007
21109
591
33179
14670
57756
57944
16050
19245
51070
45346
34093
15383
17053
22196
39514
45350
50947
48778
46090
16013
56445
9993
14285
55467
13723
26552
26162
18950
47056
1527
46461
30160
5495
6395
34089
27006
15675
63713
48752
50000
25707
38067
51127
11356
4221
21090
33749
28330
65302
35045
25254
55798
8957
54922
51927
17263
52738
37818
39655
661
25763
18794
30841
10504
5020
54489
40171
25453
37724
27263
60170
43131
24475
38305
28177
50626
8472
61356
4272
35760
12905
6710
32004
54901
41387
23696
30483
51629
33921
19738
8521
14527
33384
31125
17903
7995
25855
10265
39242
24031
58447
9426
3427
364
268
41680
17562
5154
25134
56728
27535
52315
44824
45596
4269
14892
5989
32668
7980
18570
45889
32020
52103
3779
3961
24848
48598
5429
26549
58327
60843
43876
29210
18012
290
6410
35268
40060
4089
7241
12084
55591
11057
38634
6963
39661
50507
8920
18124
16608
18372
32091
25918
22956
32842
23069
62907
13134
8953
46340
8259
49635
47667
56161
12542
20657
37593
51063
58717
16830
2774
50988
28052
49248
44122
4468
49706
65058
44554
54019
64514
45380
15057
59021
29988
24115
52643
37502
30169
19379
56643
25185
60782
11431
64551
56275
21201
1121
25745
25898
25507
50400
16815
7399
19885
57241
20708
33831
52815
59930
8708
15348
45082
64995
61848
955
34112
26789
32424
49575
56008
34659
23238
63927
22137
42077
23807
42797
43242
17242
36299
8562
40665
63765
46220
13542
27335
39522
39969
27350
54866
13901
19259
49117
3459
49585
24216
64478
57515
46858
39846
56092
17507
50145
36033
2575
45864
29650
57746
65449
11016
46942
54720
24432
49509
34854
56581
40564
53931
36982
37097
2651
44312
55559
40154
31305
726
47127
56604
34006
14613
54562
18866
8753
909
39878
35301
37089
43066
10703
41922
15259
39508
50524
1069
3711
47517
22735
46377
65435
32353
59606
59359
65270
50082
16696
33576
55519
41801
51180
40794
14334
11403
51714
57140
24118
20048
54005
32207
58397
62783
11566
37382
16000
1602
61038
52134
43940
51962
56684
49210
30830
13480
18211
63585
42150
47904
17305
6041
4642
40147
58902
4032
40320
20232
45347
28721
53844
59925
33
25973
30642
23153
2916
227
21025
52887
25900
35001
20727
49082
12009
58553
58372
938
20120
55916
40132
39957
44781
12138
35456
5062
11560
8656
9065
31331
44077
59927
33929
54080
64504
5907
6483
1244
63154
6449
11109
3782
46807
17930
55348
48201
9563
31240
43025
23100
51440
2508
12693
19185
40357
30509
64444
30800
12724
65496
26187
24320
22396
20192
61314
58858
27112
32708
62002
24610
43450
36527
16859
41442
35348
12770
8497
9694
10923
35826
55992
20528
12460
5236
21259
13386
18034
65475
23959
48891
17281
40187
54376
44013
23620
21250
48146
56395
11977
51725
38510
40619
21984
49459
40243
59307
20173
14854
37135
27322
46859
50247
2157
62269
38717
58438
30225
12921
42020
53658
21428
50539
5112
2453
39050
34760
37660
12137
35332
2181
58020
11047
37699
64626
49731
17422
46457
24327
34379
6789
15158
24922
12561
45100
4287
39246
50534
52490
15651
39207
24222
61876
52642
26110
9595
14688
52108
14827
24306
51341
28653
19966
11932
17679
11970
979
13068
63198
24745
62675
64340
15016
55957
210
10411
47645
60128
15054
22996
42422
9201
19453
12119
39964
59308
3823
29583
8609
38849
8097
59904
15200
39199
32303
51953
62442
55352
22517
28795
40693
11476
47976
23539
34004
10979
55756
20340
1241
46457
54528
40400
53293
54252
27688
27287
25320
4036
19212
23829
25287
60370
923
28683
63064
30872
15283
58302
44033
9065
60887
13292
47848
63550
15256
29370
43485
1006
18897
53998
60608
48467
1141
50462
55304
59227
831
16114
42187
47037
53430
13563
46656
56574
25492
52780
55847
64535
33198
34364
41129
32750
2953
14270
62826
31044
8386
27503
56424
4697
54850
47241
38984
46790
43005
42500
61166
20372
50723
43264
10309
31355
41384
18709
64670
11791
30452
33069
543
60544
52144
20863
39680
44056
4768
58387
15098
19526
13586
60431
50151
41751
22412
11603
39449
43951
63241
23341
4434
60939
14481
44377
53785
60079
7431
8046
28892
34277
38782
54858
50010
36644
17815
25842
33724
2649
10284
4198
36407
37128
39042
54630
53476
36805
43159
61776
62863
8768
29566
17200
35784
44354
33163
34605
39013
41666
15305
61910
61917
45929
58528
37098
39164
60050
62054
20833
585
4773
58757
2567
29115
48664
35873
42992
774
59310
3285
8376
35451
6937
55629
8991
65230
6967
18918
43498
30249
61547
19193
18545
28860
19779
55570
36979
17797
27556
32864
65013
62829
32369
44728
64174
17278
42240
823
57298
31274
64451
32491
6852
34404
28765
21605
48329
16121
45758
51952
16180
12627
23913
42920
38117
55577
28154
9311
36714
58409
5684
41331
7528
56712
21311
56081
18181
22045
21127
55633
7823
13812
27582
37040
17255
55916
27601
54343
2644
4434
12468
25596
36877
38813
39251
23506
17943
42678
59761
35231
20685
22276
45521
62180
62089
65142
29864
43378
35374
30664
32274
5219
17614
50088
20588
14271
50436
7942
49399
52968
18823
9424
45602
54217
8858
39412
36974
57656
22057
1758
33181
40447
7964
37190
39413
18194
9
26609
6024
37282
37824
13125
40704
25266
18071
38216
5746
31439
1055
24566
35403
33565
9941
41786
60474
42114
50226
13925
35106
45303
34778
32450
49178
63377
29523
12965
10871
5082
7118
48454
55883
21422
22739
61507
32733
14830
52941
48099
36569
37343
51724
35412
33968
7358
54082
59843
38250
38985
47039
58538
21719
16467
18780
19946
14750
61065
34728
9025
41640
49796
18611
10686
21320
45582
32041
11983
58398
10923
14640
25024
26619
62505
28715
11336
15724
29704
9824
48765
30265
31792
20270
11900
60658
50759
35072
34510
9935
18974
29474
28383
49254
63957
44298
31952
20864
32781
26238
60594
47738
49704
56836
47298
19143
41999
10909
51906
12529
27583
58059
2292
31935
25696
64282
8316
12545
36177
37070
65390
51527
27335
54621
30854
18973
16181
28108
15064
30815
29781
52121
49362
16583
49871
31019
39089
44629
31576
27519
10364
3210
32339
54688
56379
38661
43293
38021
9663
21960
43003
24217
6424
5897
54525
47562
62811
26646
24938
29
65448
38877
15711
29524
40732
6773
63993
36321
16038
19323
51358
40776
20237
58064
6058
43984
45511
53530
40208
21247
16339
20804
54519
42788
59655
64630
3305
29696
16996
12244
19428
51364
60281
32172
11069
15840
17688
10412
56141
38177
65305
65242
47535
22376
14768
50866
54963
36289
33687
2867
26408
58916
10220
65371
32846
48612
12373
1099
1050
35842
6451
7482
41227
48229
25982
28739
47571
29062
5755
59322
41398
28964
3830
41871
35694
3602
4243
33059
20815
18627
20101
16961
52727
63890
63595
41700
26163
64379
61493
51223
38349
25102
22461
65318
1565
10394
5431
10169
62305
22418
6898
17289
44792
17887
50902
2760
22633
10879
50639
61630
6674
16851
60908
57722
18333
43021
17199
14023
19977
25446
4021
15942
45790
1461
15429
65301
5455
21063
14184
12841
60456
44138
53843
62384
53898
43701
21923
22464
38133
46220
48259
24503
23327
39670
16418
21226
29226
34788
55103
12825
40281
21784
49337
10561
57115
42938
17366
23968
34812
56154
33249
37239
997
54895
44700
12540
9035
44117
35442
35322
23640
34065
45796
46951
42762
38577
4362
34395
61635
35754
21775
8589
1871
20667
59871
1657
45319
35917
28973
13257
55177
36301
30913
2908
11797
56350
51779
37193
3497
18624
1846
47785
39644
27047
20436
43106
58856
59188
18178
10276
27577
39289
5543
33111
25688
57378
18998
59173
31155
63214
26781
57675
61380
10623
29514
33544
629
60316
4111
14977
6876
59830
47930
48278
52843
10046
45840
11784
20887
62841
38057
54819
22700
40106
30210
349
23962
59789
23820
54358
57254
56723
10627
39969
28120
45909
48040
42226
36518
2506
12571
27036
46516
41719
25804
437
7546
30824
5259
63539
9100
40982
47434
54138
5518
18818
5928
40352
50024
32329
26693
14776
18400
17818
16656
23898
28211
57078
28944
20757
54871
54295
18468
5217
16554
27839
27522
2345
26912
12390
15321
22409
3268
39914
40861
1911
63180
14443
10615
7195
37056
49148
65025
33764
60323
5354
29375
21259
22159
44551
14664
27532
22361
58833
62182
50472
19547
21330
56921
47411
694
24537
38633
21955
43760
6594
42393
8487
37959
60735
58116
17257
22733
5890
23037
14605
35784
13139
442
42968
12293
57256
36266
7535
51671
23742
38013
28533
31582
45009
16133
10649
63361
30447
12675
17447
61437
44760
58655
15926
47692
4893
30320
7948
63066
41095
48634
27244
58135
63877
34208
64056
20453
51245
13576
18706
51072
50748
4950
46228
48720
61966
5409
14888
33037
14759
44421
20972
33161
47135
30213
25222
65064
3642
37594
28498
30184
26147
41394
27763
3702
3983
52215
32998
41340
53191
50059
57211
34459
5646
19707
27992
60127
38630
38180
65221
50223
51577
15807
50603
8135
55254
55762
8567
32204
22916
33611
62309
63857
40641
9153
55856
58895
42595
4420
41274
9010
43906
1604
27107
15556
25263
57342
19241
11380
17057
24118
42023
51580
15162
52886
47501
32714
51908
19789
35328
20992
31008
62817
19201
39275
38408
64180
50706
60019
58213
59477
16013
62404
53922
63042
27708
33181
40550
56543
10108
20108
61345
10194
31356
2835
12879
5590
26773
64482
53158
14556
24174
19227
22954
54771
22492
56080
19436
5523
11749
2306
13792
3266
6012
30126
10196
44764
56064
53391
53698
45156
8762
44973
60020
43697
7495
8834
41325
20730
28584
5572
18008
31713
36772
30579
43218
40726
229
39499
8715
40364
44819
64086
12324
30322
21913
16037
23793
57691
14278
4696
8569
59236
54843
32692
52294
55994
54161
14776
61253
2850
4526
5992
8421
38763
17617
51959
58525
9534
8717
17176
46235
3739
10769
35421
49176
50847
23217
38656
19209
63099
21341
45294
12793
24397
16651
58664
37702
52517
31710
31516
823
7037
41564
55271
56592
49804
64472
40794
10571
58844
8983
20624
56364
2700
5010
37601
40752
60636
61322
54027
58192
28258
41733
4348
10887
31032
46301
15560
43412
44868
27022
9611
8012
64937
62505
18675
39047
54565
36896
40106
32896
14354
15209
36076
1984
40384
45687
60794
51614
35153
47256
37769
25557
22877
25269
59505
46490
8844
47280
6574
8457
52610
19418
32221
4664
4437
56117
28929
16687
48637
34384
8610
694
39454
53978
63562
28024
31822
45144
10413
34277
52160
15728
15293
11904
21665
35426
3161
40162
36313
23670
15345
23005
61743
46612
15880
48949
34663
53413
40024
13403
43463
33006
29313
54880
56804
4097
21659
60862
56980
35924
15851
19897
59369
53497
21405
64751
61843
44576
60793
63284
34332
36422
11087
7003
62965
36960
35238
21655
11241
22907
1755
41976
13535
52816
61924
12766
29808
22670
24166
35070
51993
13389
43721
61653
37082
15844
53796
26991
58306
26023
33424
5153
60510
62177
22105
32083
10909
6512
44768
58321
55468
48734
14002
19063
14553
8597
31900
9687
10641
12464
49761
39785
49289
41704
11402
51252
55337
23455
35084
7201
14638
491
3354
18305
45720
26467
63069
23331
52910
51217
55471
23033
26626
21659
7208
11837
52848
34208
22641
2634
32439
54655
8060
35928
6370
18803
57865
16400
53524
13439
39052
53508
61296
26785
38248
25300
25696
37239
47577
5123
20700
9621
64390
64069
31962
56433
17157
46081
27512
39414
19094
8045
36102
14937
37712
57153
9980
47092
12487
18040
20610
134
48673
58175
50775
12019
33367
53299
29714
6761
28062
15754
63611
4865
39584
32708
9292
60581
32789
52567
63585
29348
926
50638
29153
31556
21230
48787
20953
31569
62018
33929
35395
4299
44685
47624
16008
46047
20222
44226
40171
12862
7079
10122
56241
45620
64695
8870
25962
30310
13907
14164
56346
49595
4943
1430
62350
28608
12236
2458
235
14210
49526
55043
53640
57076
40788
59993
42526
34972
4886
2478
29409
34952
28295
63869
40537
52774
23678
9513
57770
48545
62130
28113
37997
55957
6816
29215
37945
27292
62504
14603
43623
31581
25647
267
28277
25634
34039
27561
34413
45565
37183
36648
4
16569
60863
53532
45818
13197
32197
57282
60839
51856
38497
33666
56729
15676
27926
2063
27282
44606
42883
17073
10289
14915
7987
23254
34140
28794
57607
63544
4729
33445
54770
23515
22859
52166
12131
62515
58344
34019
59367
4335
31909
11893
53128
35796
40782
48219
4556
62414
28352
53454
41769
56876
20632
17087
33392
59193
8454
58469
54349
56381
10572
41435
65165
46460
44613
12490
10961
2312
39813
22853
25120
33657
54220
12675
43300
41377
8638
55263
8539
5634
41624
12852
32345
32480
64711
25013
48433
60709
36885
20117
38855
54097
26749
11778
54140
46468
9532
43551
12394
29883
52724
16587
30313
6162
8975
52039
63939
35041
36783
64581
6762
24346
35737
6493
15166
57425
506
49660
55094
41878
49898
9220
10264
51803
33434
60553
44189
10752
22305
55930
58231
64829
42720
57522
2433
4339
9567
64530
51821
18481
4211
15559
8787
33011
25499
21560
40870
46026
63957
19583
37613
26241
43475
49012
26808
53255
30491
14827
58007
2843
52809
60853
42501
38157
45675
49602
12450
56344
47242
56838
25548
51292
12544
27043
4111
56074
37056
53999
54271
6194
15656
44779
56407
39768
22980
60281
34957
47572
49935
14429
30023
40027
3776
43379
397
20798
62652
56943
22313
41948
1484
19520
43599
50768
32486
24458
34936
38886
8716
31110
38912
38701
39810
57634
43940
60756
35150
63607
57275
20857
32159
3277
48401
11027
11572
33149
62749
50425
48464
37872
21051
54516
63953
49334
16090
65533
9335
24699
54025
13397
61269
45149
28530
43717
49842
7383
15591
13591
39768
57922
1300
16729
62154
24855
11359
50429
35080
21202
23071
39249
49768
18180
25872
49996
51882
11786
5162
54893
62544
2285
8811
1813
56651
23760
87
50767
57830
61766
47581
27982
52885
62920
37030
59271
30991
51718
10365
61717
12551
26140
18445
22358
29289
46693
64584
53034
53658
10802
29323
7218
58020
8341
55256
64993
47596
53130
33203
50133
39768
10044
38224
30815
40230
50807
47906
59284
39868
14348
50901
22797
14790
58546
27819
877
60936
3526
54914
26857
37374
1488
29195
46519
25472
49204
6851
19213
46593
55913
6159
35109
57281
15713
55442
32885
7599
60893
23572
1162
17414
29533
33443
34631
35006
13032
53062
44779
18458
9046
40805
56101
62204
44006
54257
30957
26155
12476
56632
41076
60377
22185
63958
52354
55635
3535
61702
23754
34705
34356
30993
13572
50164
1946
64856
34034
32455
32638
39182
61720
30646
9969
62190
17600
63690
17729
53809
46766
24377
52603
20800
60160
55398
13213
100
35123
38356
47097
27066
30259
18536
64220
3858
63106
57384
34598
48314
48188
20470
8414
36725
19443
38614
65072
8530
51519
45247
18103
47179
45061
64672
8632
57252
43512
64727
6410
9311
57795
15689
31477
62159
41863
64190
30500
59539
12538
35532
44534
34902
14793
1762
32030
21668
25295
31877
10082
1382
65216
18527
59751
3329
47503
36709
50686
35912
33565
9332
51313
57274
28643
39673
52213
295
24865
9826
56771
38119
44658
15698
18496
6127
2520
51256
38973
63172
50485
22534
18933
2172
55016
187
60409
56834
11367
54360
4520
27360
18332
33130
46570
24018
27328
22511
22175
18212
23697
37092
58677
61983
56086
53600
18532
17794
50018
54149
38222
62633
24956
63712
11326
53824
27450
47419
39730
21954
40099
48693
22616
35441
13094
20286
58625
17952
60984
64481
38501
51685
1309
43890
15984
21497
41305
60574
22765
5018
23069
64467
57197
5646
29091
33196
26223
49275
14875
62774
63102
26414
47975
57685
29261
8116
4806
57719
55418
62561
57435
14861
17468
27461
39956
34960
21913
52995
53281
44578
58504
24195
57897
62114
45384
55848
11187
19630
48896
17205
36596
59696
52480
27388
8380
23718
63480
45285
60922
44955
23936
55027
17966
46608
39060
53074
35127
44213
3804
62189
50336
44209
53392
16216
60711
28008
9565
40282
51714
58084
35423
18126
758
2722
23844
46679
9560
49436
32914
11236
2907
44633
53231
18532
47658
12051
54470
29138
328
53816
42947
46445
31870
6113
2308
46943
10101
19679
41875
27055
27378
41664
11122
40650
58291
3280
36003
62635
23257
47453
38353
59417
12168
6069
11603
31155
35460
18716
42588
33590
44067
53093
7280
17860
57198
41261
28010
8267
22150
53944
48079
31748
60565
18223
17284
27491
37425
34349
56966
55179
29771
54832
6927
52397
63260
33100
38544
54776
10544
40474
36139
43171
36647
49829
17145
61363
45554
52316
33620
12764
7958
19000
50291
26380
41750
47143
19549
45524
42606
58483
35469
30249
25418
54778
42237
49136
44461
18156
702
44766
39471
25008
12829
23744
54184
9306
4238
51741
4596
50907
54995
63996
8331
4144
64089
62647
11598
52112
4293
1749
18679
44449
3794
24522
29020
33520
45171
63634
18907
10348
14268
25170
28555
49069
19351
12150
3128
5801
13747
28186
47728
43878
30901
36081
42629
58855
759
48069
32361
21144
47462
53950
24234
53204
50942
5837
53985
9353
1920
60265
10398
59738
18775
27630
15226
43317
26037
60965
23377
5714
22821
57551
30746
25617
22809
3065
3365
30920
35905
7426
15414
3112
15046
54366
59638
5716
40045
20667
30298
48056
34718
51639
18511
38237
49957
29540
14469
43631
33461
14585
13426
3682
25071
10850
55606
62995
11292
58833
43815
65291
63273
11261
91
8128
28556
17853
17341
19887
18795
1289
57922
54718
24385
43660
61056
42658
51588
42956
2871
8215
18393
26527
47817
62504
3269
41513
49723
15518
53380
35647
16018
23710
43453
18978
38862
21073
9233
29326
17382
241
27885
32752
327
53399
53572
32532
41625
32401
11424
60239
2457
59364
23791
21365
24653
33211
63428
13785
2814
49168
51749
31716
40501
45977
29774
47223
44594
6105
38814
35399
64779
44907
17888
23608
58906
11063
31022
39508
41383
63192
46744
45875
17145
58417
38494
2985
3665
64236
3796
11524
5704
24378
62136
60606
38150
56778
5947
40765
6486
6069
40262
29209
49201
3720
5986
49142
20135
49008
61473
1483
38886
654
53460
57545
33366
27188
61035
38843
45838
24475
20048
27797
55304
42043
48279
24595
42815
31670
16213
54951
57448
24507
7450
18406
36356
20140
41387
6763
19310
44884
23172
43417
2152
14401
49761
382
52423
27839
3684
7284
13388
46601
57642
18110
30859
64737
50445
19496
57788
61728
35779
11104
39520
62301
16644
24597
54117
32479
45581
42473
41113
32426
62063
2367
35870
23533
48682
2034
51653
25421
44708
47322
32644
14201
26020
21035
50723
35425
56772
2926
19332
50535
60718
38344
54496
18340
3608
5893
27592
34965
21270
53671
54871
54406
56544
47714
60462
2966
65257
52445
36079
58172
18937
52710
27177
59783
1812
20893
57754
45101
46982
28989
62478
53422
16625
27931
31488
25932
3145
58995
27631
41662
12634
20447
2658
55900
13483
17979
14136
54145
18031
38727
11102
62577
5959
60053
14212
17358
35741
7910
29974
38269
14372
16426
1177
37170
36058
46611
47147
54120
34677
47532
17905
13311
132
57273
10312
31547
61735
59234
40254
60795
49654
41514
52903
9756
60034
23175
57428
52449
32852
32960
60335
14442
24344
36180
46398
18980
53859
42203
49736
4148
42099
47580
50285
59381
37441
23898
2605
13226
26080
57008
52538
39351
57235
14139
14018
61399
41423
27172
59860
53248
54993
23848
64055
30440
64516
23648
60129
1045
62988
52680
13980
21030
1875
4956
11512
55589
35616
35257
37112
21840
2462
13745
34127
9331
53890
17590
33734
36145
47992
10443
28574
62077
19547
755
49469
33378
20638
22816
63554
2268
53362
5926
38781
32461
36578
19847
1754
33863
50836
6759
62184
