313
19795
51206
6629
55573
42915
53155
35260
46750
58308
32312
15349
64634
10772
12296
33349
63080
7391
50305
51450
3265
52135
58808
32849
53544
62439
30551
17893
29120
25574
64329
3073
12308
42023
54754
20945
1180
28560
26576
45502
34023
28121
54518
33904
62780
1730
40890
64147
3706
55793
17195
16247
54958
12566
39722
16823
46724
6442
54766
32971
49280
2105
24701
64286
4214
54577
22822
53767
51471
50702
35040
43697
27948
13522
28693
27557
44194
29708
49712
28493
272
41710
27535
6465
62981
30559
13963
51203
44391
51974
23878
16771
48025
63120
65327
49481
43367
36107
14179
16463
13968
62442
51580
57912
50039
24615
22904
13490
7403
44820
27292
22818
36416
21081
4929
56741
20864
54231
9165
21355
20710
54143
16970
60432
26722
51094
28684
11837
48711
23012
1771
32057
25064
46271
7525
49372
59442
14396
16553
39084
40053
44467
33870
9368
35389
40686
53966
33955
30678
8742
31135
23376
4198
21997
25200
2918
60719
37901
50069
33655
35071
12643
34650
32787
16628
34654
53898
41819
50767
62696
32547
4779
14938
57841
62231
50668
31655
28454
9999
27819
55830
50555
18425
4836
15660
47623
53693
53991
41448
48318
48512
31400
11501
65177
11166
50541
10833
62243
62723
56303
14718
57370
45363
44907
57305
59633
2225
65464
7003
4769
14459
25838
55865
56588
25481
18690
40557
6371
21126
33285
63778
62689
2982
59179
11638
32731
60905
17728
23019
17298
62625
51803
47411
40486
42500
63314
31258
46776
54172
9960
12609
7324
56954
59663
13027
47545
25703
40043
56768
19981
18163
25259
49245
31103
23114
35658
15766
39841
52415
5986
57521
35714
33226
3575
21123
12233
22051
64035
46668
9739
27896
40013
3461
1819
30500
28325
49615
20728
7664
18736
3747
62650
56320
7351
32460
37870
43560
55016
60648
49400
12161
1138
47186
54912
26350
56484
22903
25478
45408
22561
33416
11371
47166
56568
37175
48561
59351
54422
58695
52282
64462
17052
39738
58499
58575
3390
19122
29137
6239
49460
64314
49724
47114
62250
8392
37437
22619
7175
33461
2046
48224
5123
5497
51985
61093
56373
38790
25934
15829
35978
48024
8708
18701
42818
63619
40823
12075
11404
61304
38516
10525
14937
65435
47520
53020
60475
46180
44168
4536
8581
50529
9224
50081
51995
35208
59761
11509
20314
9871
50347
42757
8685
26219
15848
17158
5329
3021
27069
18290
33120
54369
14824
20797
64244
53357
40018
26874
17614
54250
64043
4369
55465
21811
35990
32236
14581
5682
5474
45525
2981
25507
40262
58148
40421
5032
20349
51879
6240
20908
62553
37117
18561
29677
48728
2690
11262
21588
39731
42873
52284
56849
29794
10973
19067
63486
32261
4615
18020
42975
11334
16254
37985
54761
22334
25924
52189
13550
62236
49069
25742
36253
21892
62948
24420
41172
59604
30831
52351
19716
19855
10349
6631
9941
6217
40620
59438
24602
51784
8797
14084
5605
34020
18359
22656
248
21002
54785
51405
25714
52563
63894
52869
44430
6291
6932
35245
56258
60264
55357
21345
46016
37021
10472
64822
39496
15645
29208
27456
45440
19779
20677
30965
28715
63748
9136
52571
61511
5129
26534
24100
15492
35994
34302
2028
55501
40132
5204
28198
36501
13307
36904
753
18047
27983
61485
60282
408
45849
19837
28785
6745
42915
58695
25472
7030
4006
38070
56320
42051
17620
46534
63285
45217
48991
26573
60075
52545
30361
5607
34368
56429
22107
11888
9467
20079
21641
16160
51487
19046
57661
23833
29937
4955
45200
20059
16700
36260
34336
16450
8733
223
24301
28130
37767
65201
28724
48585
37684
38696
5967
9123
16888
26367
20240
52868
26958
56199
48716
23722
16715
7286
20412
59310
13316
28416
11290
46214
4086
13443
21084
34138
13281
28447
42063
36732
5261
47337
3732
39147
7063
52287
34724
36135
36907
55595
52259
24282
19982
53819
683
9439
1730
4038
41976
2042
49495
27721
10698
64352
29865
7631
2136
28168
28305
55512
20035
12698
12899
12114
34586
20643
12301
5590
3570
22003
19700
50504
55958
28929
36160
19135
15204
11044
12373
56036
48708
5486
21786
10881
41223
23662
45043
47260
54737
7140
37440
39095
50372
30949
18516
3908
22432
4959
18577
10619
15458
105
10835
46021
9222
54160
13872
39169
39092
49476
12324
26861
52025
34269
50200
8329
23346
45614
29504
58793
3463
56310
11390
61940
12962
20536
48203
35251
52758
24137
24395
52888
3233
60802
3513
14445
3637
62662
29124
10746
50567
8523
14638
50076
61414
44247
28031
27921
3284
11654
63127
22644
56961
33804
45015
25792
57491
19769
41343
49409
11831
19933
40972
45465
56823
32834
63221
22318
9042
12064
19255
22332
16564
22822
53300
18366
14007
52081
8477
64479
21572
2718
1956
53639
53713
25573
5199
25205
48228
2022
2038
49561
47021
6211
63954
21624
43415
57372
1917
27481
64962
43632
5834
41188
30118
58573
41683
62506
44421
27246
30524
14587
4197
11349
16187
23594
3756
33420
57915
7938
46472
29910
60981
15198
12209
46499
37889
54081
60286
18744
32095
13323
39330
38776
36705
25833
25906
46406
57165
51392
35492
22039
41002
49579
16942
28139
39847
23116
44031
10630
28153
55238
13476
40608
3734
24907
6825
54690
44575
29239
15726
844
59789
39204
47313
40554
43679
3996
40573
44799
19715
25352
14133
22494
59742
17069
18204
37324
23106
19615
62475
53115
36588
1011
26519
44167
6474
54385
59687
46004
44190
1715
62178
59269
21777
28677
4007
49638
1704
521
4880
56652
43159
47615
60252
18552
37824
42672
49555
6692
49364
43714
50245
4685
5375
64922
17828
60643
5419
43058
58376
16392
25307
61841
16492
50245
38507
81
27064
30318
46543
42095
60717
37425
59412
46413
28074
56538
47951
45062
59904
50516
22540
6888
4146
15222
51801
16997
5038
52896
15157
10446
56091
12197
4645
38804
39260
27993
56090
34512
47642
63887
4287
15446
19202
38098
37034
12735
45713
62109
1904
45026
32877
32284
10253
24265
16053
24933
12981
27300
11374
21071
31768
21348
34705
62730
52045
19060
36190
33241
35427
14193
64882
18420
17375
65162
12760
4145
31038
63834
52854
29260
25409
27528
64118
29537
9605
34245
33171
15199
17128
47638
44068
61373
43817
1338
62975
26132
10947
4197
23478
54629
47639
22464
21014
64912
43607
10987
58238
6214
37750
48617
12987
32653
16176
26477
46452
37266
52709
34250
12083
50739
36253
13971
52618
18231
63256
11358
55944
17527
32301
51482
27273
52179
42319
50832
10193
6182
41035
62127
43916
18542
45905
44285
5990
50032
7131
58302
44293
53826
10532
49649
33985
597
46624
1843
11894
12570
13811
63642
5164
9079
64988
2457
33142
31003
15010
29890
40834
48238
7500
26274
47521
29477
1179
65395
45429
40072
27619
19948
48978
22281
23867
59290
42614
22743
36162
31394
23161
61475
10764
6567
49459
18289
12134
4357
60423
31231
14728
10569
55728
22136
54775
39586
16424
33945
51342
48313
28143
59392
25075
41715
17748
53551
557
5276
14478
21429
32349
58050
35471
43514
23815
63872
892
36450
48265
44440
8355
44852
17380
46471
37502
14401
4617
7748
34565
31417
19071
18658
50354
31909
64835
3452
19822
19789
22513
20657
12480
33191
42482
6285
56224
39666
5736
51231
27900
32949
17058
55609
25767
2598
21084
46854
53230
62502
63747
61090
47741
34856
9190
49526
57332
42001
12799
4272
2749
757
59224
34439
57210
45951
48284
51608
49673
12636
51926
6973
5297
62503
12459
46513
62490
49109
60138
43930
2865
491
36935
22496
58519
32364
52593
6477
2835
13859
54115
21351
9924
44769
1449
24921
19539
12131
42810
60900
12644
53006
23284
58691
19995
59115
2882
5086
38421
2984
12493
7853
41394
5400
17648
39947
30606
58104
17319
11559
3291
49859
25292
31260
8220
52479
46231
34166
38995
58587
63504
6176
56192
25407
54993
28125
18798
25158
55320
32675
63154
56321
50157
4441
43737
11276
27628
20026
8632
20529
18017
13215
40577
24717
50039
39275
44048
57569
53597
32872
26294
22991
35185
28429
18685
4915
42391
27910
56305
27440
28814
52323
13620
30153
21356
32449
34897
4436
32198
2389
42927
40809
14880
15179
53803
18291
26494
20199
46403
29711
8970
42326
61092
52906
52405
46617
17793
45427
33113
4046
5834
12114
65137
36429
54205
23288
7673
58355
24948
37906
12557
25181
41367
10824
21549
17642
51056
8014
24653
55854
19727
48507
10586
20603
53144
2526
21112
47688
53255
61617
46665
44919
57060
1291
6397
16089
51972
30721
43136
14122
33162
24231
28095
63765
4650
19984
53470
42779
54829
21209
56518
42386
64998
26412
46032
62331
2827
53562
52669
37306
17588
25221
36623
35501
19355
33624
13555
60641
51114
24491
31940
25519
52517
36022
34947
8213
40543
10680
43938
13773
47896
18388
32444
16038
7549
38977
63511
51610
4772
22117
45900
25370
19974
49658
22229
60045
52123
18387
38420
49034
18751
19367
9704
43389
26242
14094
55992
33097
28214
2558
51698
41558
50579
24080
13632
8954
62780
57264
51012
28187
60680
19464
36651
25278
29167
20437
14182
7610
8004
49773
58579
4839
58356
44160
9560
2551
15327
54615
45333
42607
65256
3386
13290
52757
22296
27777
39073
64151
4596
23449
8673
51040
65447
20135
33487
11967
8921
17962
18173
10759
1958
19436
23652
60315
60849
50916
47524
58341
33775
17818
32479
62537
44473
20909
49901
14777
60175
33073
5672
52888
10173
30928
6386
30763
50678
30676
44645
44594
2827
38151
33476
60208
10832
53411
58820
36745
4397
23984
51056
3631
38612
36038
2024
53814
34160
40348
29302
8429
58329
26680
43496
52154
48509
50324
64603
65213
21690
12733
40756
4350
11693
49105
48816
63044
25675
13028
61476
28261
32068
57200
40802
18760
5494
47078
62508
2915
53718
8045
31746
44125
10870
22783
44270
22635
13556
3810
28516
42485
49702
31972
55016
54944
64884
60557
3431
33713
4704
44417
32555
11120
23735
60131
47367
61145
26521
42617
60988
12254
46552
58999
4615
39342
33357
49030
43879
39954
23822
23780
59436
46750
43881
61749
1620
59270
53079
65061
28343
39381
48520
18493
38954
25668
13238
6123
26850
1582
51800
57291
34582
54340
21692
39606
59037
11206
58936
43230
59612
49860
6580
17986
41313
43824
46436
56471
12782
33266
2986
8264
28447
4813
52235
58138
6287
53862
24001
49003
2340
55323
63841
46767
5612
28779
36827
7510
22856
41015
41067
64779
28733
35593
30472
1361
57121
32140
9604
60290
33548
28907
36655
13481
20242
40216
27990
14576
22212
30651
8754
8955
34416
21411
47288
35532
19808
4402
18344
44123
17465
61811
15107
40908
11403
50866
13176
45179
19580
46848
36944
28376
21973
40573
42166
5439
8039
53595
19078
65022
24190
1143
29354
3647
3993
42103
0
7237
8449
51835
41341
30264
12836
31982
9265
27296
51198
50619
41868
7715
776
3951
1417
17589
57372
58935
49281
4524
12179
65051
61403
60913
21098
58882
22864
52986
23622
41630
14762
41642
49661
32441
4622
7017
34007
31869
34009
33138
21112
32569
30683
436
52464
2833
31861
38937
51900
19370
32308
21023
65346
748
61462
24190
23550
2864
5375
53401
60118
6595
626
57989
13721
25244
46917
52068
43604
39788
63362
49899
21366
28426
1665
50588
28299
61607
54149
27761
29703
3050
12663
40523
26879
22781
22664
60570
1134
59485
13562
25
38844
50146
60730
8081
9540
48494
20234
62129
64045
47110
34699
36190
18625
54268
210
52663
29
29814
18506
43866
15471
52197
59080
14944
39238
33801
2659
57924
39452
15636
17835
22521
51799
10852
53220
13891
52821
24924
36909
40437
14583
39308
23091
25148
26783
51726
57575
43682
59067
58332
60792
21831
20705
21942
35789
25959
20576
61834
25811
44142
18946
61363
20333
44155
20776
15385
29284
36984
29147
54762
65466
49301
28281
50228
43013
28874
59373
26179
52075
2377
58109
9321
43730
23549
5018
28136
14807
32797
8388
12415
31691
60013
3407
13179
22468
54373
63286
53568
46782
37712
60241
16333
57194
64568
5300
3255
56581
62346
58305
2716
18834
37383
6182
9831
60780
20812
3815
23595
34103
34699
16183
27539
28353
18530
21109
59789
48429
7830
6307
22244
27314
14232
25293
26483
7690
25038
47541
75
55631
52453
53120
2415
52934
18305
27069
60892
54834
57255
26574
51704
56118
24572
50856
44602
22077
46558
27985
31227
17103
34970
17168
37823
44354
29459
15367
9342
39275
63853
60355
55155
54130
62599
13228
43602
11509
23478
1536
40641
12244
56040
57665
43413
30018
46345
47986
16467
26277
20786
56334
27564
63347
50079
13328
39407
33574
20549
8913
53475
53053
1109
26415
50560
16558
10791
45797
47967
23581
61914
33314
42258
49040
53297
27684
29161
42268
62699
4072
42734
35202
19788
6976
62174
33227
26199
32742
54875
25037
5873
5875
34675
48436
9766
54774
47046
34883
63740
54409
41419
22186
52803
24739
59749
39091
60555
37607
49478
51076
41745
9666
39233
49225
38898
60261
51841
25717
30658
11061
38479
50395
60912
20903
23597
9499
22824
56102
63552
59833
62256
56889
65198
17227
7191
2582
59343
57511
36490
37195
41362
16650
40224
61996
8935
14359
65204
16083
20269
11836
8974
16588
54662
10108
58394
13035
51243
64961
10224
16742
25744
31179
15897
22368
56140
20031
6196
6290
29341
25627
7676
50980
37993
52515
47181
24432
9531
40716
17519
20833
15309
34818
1926
63095
65227
43718
7275
30671
20929
541
58484
47146
41674
47902
10860
29773
6475
57212
40917
17933
48828
4460
26105
7100
46075
8478
21448
65232
53565
34043
9836
7161
40234
26653
27089
8384
33767
4652
30813
31342
61212
17511
14615
10183
21254
21100
51862
3069
25508
61856
23448
37339
10020
10810
6787
21280
39472
1193
14359
47568
663
47248
62523
31401
16161
3756
42681
5601
62911
31034
3598
7473
20263
27807
57656
45281
58257
34657
6838
24967
29403
42602
7423
33375
64775
35652
27258
47601
59700
57337
16601
4433
31311
57152
26692
36201
38193
37877
39468
8645
33461
35493
56390
50143
3260
6184
20376
51210
13894
38473
36651
58160
21915
25426
8863
26552
8709
37190
47235
44770
53446
46949
52926
29361
35862
27159
41775
51414
28031
43138
31819
8949
41383
29293
326
55316
25865
22039
59528
34752
20656
53744
18229
35458
53774
19517
58021
35368
57168
26454
62680
57560
25191
6132
65138
48594
36388
45725
58310
2795
16567
58021
32471
37278
16958
5418
10
50706
28467
62783
48196
17343
20409
13973
22627
1354
55187
38449
16949
7103
21678
57850
56068
43874
43561
36590
45875
50356
37643
52396
33260
47045
12798
27687
60097
45678
12217
33021
31585
10336
1417
62797
31045
2255
9942
60857
26910
56493
32258
61406
58968
21456
3735
61147
3701
40106
51067
57921
39275
7529
42019
6610
45120
38622
27416
65485
61763
36667
50371
19705
28196
47020
49389
3614
7573
22620
21699
20391
61987
64442
64852
50814
34218
56076
32765
53159
41163
59451
40780
65333
15064
4881
42047
53337
34969
19743
61549
25101
16588
29536
22586
36114
7468
1707
47154
25550
4539
26114
36081
4045
37473
65145
51233
41003
18346
58015
4956
23381
44723
62227
55371
46505
41772
2311
20184
11627
62783
8264
61633
41304
39233
21528
34572
54581
1699
44859
22628
63075
32495
65401
40692
58501
34044
51419
54860
35185
29507
63730
23470
14963
3119
28871
46850
17450
12838
15749
7970
53689
41008
37574
23045
39715
43247
14089
58703
18306
17298
22394
21079
3270
14651
35867
51052
19935
62328
35457
15402
54514
3199
20147
40286
60824
9476
16856
63269
44128
53961
41231
49556
25304
30911
21918
52716
56483
44110
49817
25444
2922
2058
16113
7811
27546
5849
52710
16194
23699
2241
49582
34619
63681
45359
51894
34450
60362
15904
59685
30150
4692
41802
45396
54870
33305
44839
59254
26372
56941
49892
31634
45922
63820
36257
50850
5300
24556
54844
13403
7929
33585
8534
30083
41330
4935
48540
62867
39480
6306
21205
50563
50536
16062
60604
21096
12351
49217
26010
45760
22105
39774
49745
52466
31549
45827
1755
49372
61322
5718
65430
25466
1044
52994
57878
62523
26213
43560
46140
16493
59
46699
2642
14589
21817
6743
57300
46815
46288
3780
19575
16616
16775
22690
30578
20555
2873
24249
6000
64855
28495
62815
39002
26949
13659
52781
2303
36912
34439
1463
38094
39423
39064
56530
7785
22288
10884
16218
13672
26276
55350
9861
60450
8665
63610
61237
19079
31191
28162
37750
13198
45566
27132
10158
23670
25861
3067
25930
38776
56768
18171
22081
3734
36588
22590
22457
43020
1915
22759
20860
18413
51802
28566
30415
21740
28613
52507
30910
30105
21256
39457
61126
32329
4753
63959
42721
42625
18729
33172
19093
31150
12586
27673
30973
30972
41247
12509
27044
28738
193
52227
50732
52184
57186
50590
20771
10493
23149
52621
24104
19295
37380
61440
22919
26769
44799
43195
52185
36509
2558
9702
40309
10347
6094
57982
31896
49891
32451
5755
43387
51886
32321
22721
56019
33272
19505
64072
19370
59273
60558
10491
44874
46504
13232
15230
22214
10719
49172
34245
9493
13214
56603
36699
47260
3692
5005
53609
23784
6444
11303
15462
48104
62205
50480
12896
34747
50712
2346
19771
51306
46083
39189
31741
46719
11357
60622
18073
10328
8287
40572
43457
60221
42698
40288
37168
15638
28984
40597
37086
2078
21741
44721
52235
62591
33910
4110
53879
48927
15157
2089
46482
50504
63035
3344
12618
46076
10015
15547
10509
39987
25962
28193
18355
44050
45148
64282
59907
18244
27545
30841
15744
22506
59399
56803
52742
14990
24772
63966
33922
38069
36556
62961
29594
11129
36312
20920
41003
12464
9403
39587
2102
50316
32609
29002
30921
30461
21995
6936
36465
34046
55363
16557
3500
57808
62146
1406
23401
53767
37756
59771
14547
46944
11416
2046
49131
33984
37342
16646
13295
26885
36274
56289
44057
33018
30181
31647
15907
16873
53142
1087
13987
18823
59204
30535
59239
21217
42380
16072
61659
3852
39297
61122
23726
9523
42406
38437
6087
16196
2524
703
45986
10523
27617
49888
41477
32711
20430
19445
21839
10376
57244
30450
6355
41918
14258
64735
40028
57188
37178
30989
22407
6914
12000
56601
9271
22533
64624
58122
18743
47114
47596
48592
1688
13786
37346
3130
2509
4471
50677
48197
33480
46819
43173
24819
6896
33221
8628
18616
2700
22973
51554
20004
13346
62783
38024
29821
58740
40221
6058
22607
33730
38760
41104
19957
18549
25148
33219
40382
60889
9007
38195
43432
9705
12799
31142
33348
27772
61718
22036
60093
12387
4428
8868
57266
61208
13892
2073
27042
39717
54472
28558
35072
39136
4849
47025
25091
28616
60538
54888
12798
64891
25018
37389
56927
8424
10952
9064
16428
1065
37403
61699
65150
52382
18569
16204
43341
41826
33209
16553
17457
40183
64800
48212
58599
2374
16226
33742
24653
59548
14073
49482
39534
13178
32604
41044
52877
36427
46055
50159
6047
9855
17051
474
31406
13981
8531
19297
34566
54066
31141
12191
56388
43430
26665
4751
2443
30429
15349
9578
36697
7533
21823
27272
61804
8592
9003
61705
29434
13068
55047
65278
921
53541
31492
13411
29329
33654
45116
19961
45694
26599
35602
51871
5660
53738
19530
13056
65102
33825
13315
25657
45484
13374
42190
39973
32420
40250
15947
33952
4310
39973
14019
62777
2665
57897
51394
55564
64191
7706
61693
20255
32195
60623
50794
43009
8977
23502
35207
52442
55529
49664
26243
7992
32392
60631
54666
57640
42535
36816
16360
15606
22891
34386
28159
34938
42296
39451
20892
60536
33671
64676
5401
6857
57778
10234
25532
51326
35020
6385
6689
20739
19711
43756
26503
40798
10552
4108
33281
20872
27192
4905
17697
63518
53383
59020
44969
40213
65393
30734
55676
27996
8479
47673
1367
2240
50693
3147
45600
12444
22685
30475
13157
61415
1062
2577
64929
26862
64815
5860
55320
34580
14177
14365
921
63532
58058
51180
4179
39194
47605
19717
13589
8674
54039
15407
62139
9542
12916
38805
7850
17466
63331
21793
12486
46025
1868
20684
65025
31530
11872
31873
51613
61367
60221
46065
30421
30172
55669
53767
36426
8378
44623
9862
4944
858
125
55245
2808
29212
46459
56142
18845
15196
59060
9219
7710
27400
8111
61357
27192
27233
35899
29009
37571
4049
2278
20981
47439
12909
51559
62879
34989
50253
44871
31691
36325
5674
51805
33791
61261
52458
40086
8245
26535
13397
42810
50564
20543
26418
16692
21132
40023
35584
39249
40464
27652
13362
1211
60469
26623
58488
543
18109
59798
26067
27028
8343
22223
7339
15918
24360
47116
47823
15772
30834
30103
14995
39351
41662
52329
31848
20118
2406
16395
2556
36727
46719
51288
51288
35164
24447
20829
38555
64061
56310
15297
34371
31871
57913
56281
62280
53000
2594
19746
33644
60224
61355
43513
44829
26795
13677
1401
47343
8620
22010
39393
9324
56342
2875
34494
17405
35377
29904
43033
7093
39734
6593
24457
52502
25542
32580
62489
3131
48858
317
63472
17443
20968
27545
54435
17295
62278
55267
38128
52618
20330
2667
35640
15616
60852
35499
64947
25249
6983
469
31440
23115
49641
15325
40030
64147
61936
24214
51681
34644
9538
54255
16390
62318
31146
45835
48060
39384
43588
48365
54876
34471
40729
36189
39150
16034
32237
49738
16814
24116
43948
12866
19806
8393
61364
2125
40619
41617
64531
46252
2872
9100
1011
44878
29915
36644
52304
27205
46761
26456
62185
25405
1840
61907
47526
18956
44216
59705
21359
4010
7489
19786
60892
17388
22231
3347
44924
64439
27461
62685
10089
43984
41567
20180
20112
18018
58051
59175
42038
45325
53161
52870
5404
4330
41902
4459
42437
3245
39199
29705
10177
22817
32502
51755
11627
49385
17863
44515
23420
16928
23175
4785
10233
22319
47522
17973
40666
56757
50221
42464
40300
39727
6887
51528
1093
11594
39277
14934
57975
17332
26444
65157
19543
9518
40058
16644
52400
11277
3852
23378
58928
59069
32930
7115
27432
19745
15123
13012
59945
17259
33357
37301
31925
31858
56593
18069
50276
55229
32349
32534
9066
28510
838
18438
35232
52471
50792
8033
9012
51392
17471
46575
47573
37440
5877
24519
23752
37839
35789
19519
31502
45835
3840
47010
22144
46801
35934
21287
59948
30231
65117
35576
39783
10372
58727
52643
39707
32089
24401
34458
57406
9030
51492
23345
14023
26049
40422
8735
47755
22203
20407
8510
47357
58550
51544
50883
5695
63007
30503
15923
4748
6113
54887
32210
40071
28605
4004
34621
61636
5863
50640
19766
33936
15378
8415
33458
23376
56202
30695
50087
27143
17049
61097
29252
36678
23600
32961
27365
10450
50872
30417
37171
45422
64319
39120
3019
25072
12823
47994
39193
14354
27166
44324
39502
31760
39969
4219
13535
45090
40678
31884
12550
61263
6668
24857
47401
42117
43862
4149
62955
10059
62515
34982
38753
17899
8317
59840
27603
31720
3615
13376
47202
22004
47879
24444
28726
41095
21585
7359
12961
21672
46409
7163
48792
22843
20269
3100
50113
58611
22683
35545
60069
40925
6523
38803
28879
48144
29358
19177
7526
51415
25034
43767
47343
48216
42711
56201
33376
16832
32485
27914
64975
12129
22153
26178
13314
8972
60186
53702
25237
23487
35039
24897
46404
29468
12219
25853
37852
14204
61618
53071
1507
39944
62452
38505
11638
24292
22721
3091
25504
38113
59556
16498
34434
8363
26510
15407
48239
9638
20619
53114
25316
15529
7918
12900
1897
26580
35613
41666
11731
60117
8803
52240
11450
63957
16488
6380
23121
21324
42231
15035
25590
42897
60079
59524
33940
1607
21552
41316
32683
2700
38915
30340
34711
28758
31483
51854
61513
29271
2279
34356
64627
59373
18478
14814
24480
26940
22889
54675
41038
27732
1581
54867
22895
55742
22936
41175
15139
34704
17247
13710
3082
29908
4890
29413
26383
28597
28668
40811
27379
45552
1699
4175
56702
15002
46162
3520
46409
3350
11588
17855
56709
30889
15815
14603
9049
61541
46927
64175
23913
29796
43617
21488
1830
5023
60936
14882
19287
31384
60097
46399
37447
27732
31376
37799
14379
20859
62863
35918
59827
59055
25452
32828
12959
3111
25664
46985
37768
3217
32542
19732
25380
4858
7590
2965
61485
11441
36794
33098
64164
37633
5110
34244
13039
26177
38257
22436
63465
58336
43022
56235
31565
20906
41564
3522
29004
65404
29819
62686
3738
52447
13726
744
35315
21258
58365
45832
43713
9398
40640
61111
56735
5052
8804
64179
48025
8905
63925
10092
51350
9570
22589
63979
20214
52930
46607
47823
38251
58924
52201
48926
52761
49935
35104
23768
17098
25463
28075
33709
6218
26519
13756
33782
12195
40716
17107
23941
22122
58455
54422
12634
36209
61093
26430
17257
29023
23948
33359
52227
22430
58962
17084
36630
39664
15347
51514
57721
27624
64301
30524
52272
16108
50333
48595
17756
54121
62956
39614
60546
13643
11906
14023
26186
32668
44515
20224
21825
31875
62686
25497
33948
60102
16924
13692
60061
33745
32274
50478
19623
28527
47149
46642
33199
10812
55590
39737
59338
20027
47047
31698
59944
11129
64941
26228
6099
12849
61790
45833
46791
26937
4726
45157
45303
23531
27057
12865
28496
1122
33038
9786
60939
43754
50449
19298
49188
24201
24971
37846
16185
49836
39357
59739
35204
5493
32707
10298
51940
40782
52770
43059
15450
24748
18658
64553
27915
7236
7107
26471
5223
19995
29715
18268
16902
19331
6856
64017
34617
63117
23137
2119
24781
5629
41322
56903
3504
19506
25733
21971
45328
42274
3904
47846
41368
56282
13379
34742
20855
3283
48001
56378
51813
24321
48814
55507
9099
56916
9265
12249
45963
34403
21948
39716
21193
4453
36125
38394
35631
16266
2559
32310
37549
30804
21294
50972
19027
24625
44224
14856
31824
19291
2116
39662
37287
2976
35595
42823
54183
25963
1876
29661
50261
20734
51016
49255
44976
39153
9903
36310
10513
59147
26108
944
27677
12729
49483
52340
40852
4830
48658
63484
9089
57087
7428
31859
2191
30264
64728
59473
47922
29468
64990
43664
5289
7207
43977
40325
4118
41983
4695
39719
60306
4413
56960
32257
8834
16818
22582
1773
29803
12763
53209
40176
49215
62671
49866
51225
32392
31125
15190
6667
38813
29920
60250
9935
59343
58776
40967
46113
10162
37318
34046
22969
3339
1174
41266
35900
60208
55902
3947
35031
8389
12498
59962
19478
10196
18276
38275
42534
52541
37045
16787
61550
20213
47613
29018
24698
49913
33311
64910
7009
43296
22714
17648
43113
17774
45801
27738
16105
3270
62111
23122
55022
5611
53424
39217
49795
9523
47631
35770
2539
54729
28710
24354
18125
32580
10664
42849
46552
43066
35283
52033
45578
65299
30049
6301
56511
17215
46084
34897
16178
46325
39093
52877
31510
7755
34142
46316
44132
7582
64746
56409
13081
439
56113
49506
52037
64838
21072
17484
52423
47548
24596
10398
17860
50986
42935
6659
40441
62150
50704
5195
5533
57392
1755
40592
7535
55551
42982
8619
9051
60415
37220
55457
28232
44817
38378
46941
637
19365
7599
41097
31395
50234
27269
5354
34249
1240
10379
1759
22243
15008
33194
31658
46258
52369
52232
17692
17622
64328
44637
10021
30869
27671
37065
42074
15318
60916
18237
35827
63324
44699
62076
47494
42991
26065
42223
6326
29328
29726
15949
38187
55465
9061
62979
50896
14867
21445
19560
21407
30167
817
15879
29861
7282
39899
9023
7769
34286
7900
10369
51826
26760
63218
12952
18968
16882
35267
55594
55037
27981
49789
28550
232
63548
54922
5980
23165
50799
1069
41739
4866
14060
33384
59423
9730
44367
14258
63707
16045
64651
38509
21785
39887
1389
56611
5541
32153
32230
15647
19501
37738
23639
1401
43071
45133
60900
32675
15420
60562
11338
38234
8652
27475
45469
42898
17327
14773
9012
33164
33221
23530
45659
44741
61836
61160
30664
47387
45851
61649
60503
44445
5391
22755
34671
55073
26841
26279
35893
41482
27599
32692
24438
8034
31834
8332
19259
19948
19076
37057
25172
215
23603
1907
52695
15495
39622
27594
34703
64064
35177
44112
42116
59154
62904
30675
4915
9185
19103
61336
49980
28358
20169
12862
18714
27376
44602
57347
57675
21043
25639
59906
5074
34916
50274
50678
17794
38312
26795
9639
38020
45539
57514
657
23491
48466
16498
223
17346
63065
57389
35342
32599
32822
2863
38141
51473
15594
53773
33246
60895
56049
26403
41763
10802
57369
12814
41058
58642
48177
13180
3908
42977
39308
39484
51715
19387
46385
64018
51008
25796
64981
468
54409
508
30295
17013
47368
55927
41429
6295
19848
8500
57221
53394
54889
39814
36682
51201
18372
383
50624
8225
44013
2933
64133
32351
22485
38527
40755
36266
50404
47595
25116
9225
26742
19234
44212
43470
18229
28380
16707
63478
50605
458
159
53361
47681
64383
62655
6005
29177
16831
60815
19468
48994
33717
26601
29920
56162
39324
54544
7723
21873
63837
63340
22639
21328
37634
51848
37442
19631
16975
47800
43989
7704
57326
13185
46343
9502
62713
18773
26442
56635
64356
16698
53220
43623
64961
9087
12347
47577
883
5108
41058
5617
32602
45214
22213
41584
19396
46198
64106
33593
13867
40513
14156
14903
39740
7149
3851
50137
56375
24590
51642
54536
24088
29803
41201
19182
44790
3092
8505
29340
58772
46857
6971
15401
41775
23473
35733
15995
42593
17878
58094
7558
20660
64304
27022
43908
17169
57358
631
33001
37291
51289
19274
58748
44631
57373
3456
63260
4334
25382
48089
28217
26186
30872
47973
11376
24448
65197
47671
47952
48542
59781
11186
9623
40330
65040
60210
46956
63056
26599
18809
4772
50471
7117
49746
6046
45568
15447
3256
64266
55440
19109
37018
61604
28313
54272
59286
51519
17752
43568
24617
33425
39130
45050
54100
29158
53403
29789
14165
28108
47662
35400
12336
36263
30964
47879
58304
59838
32769
28611
1587
22751
48243
26588
48858
45173
33555
23246
64947
53346
19762
27953
39396
19420
5962
21326
28239
1466
15497
8648
38227
26690
16122
23325
37241
63429
57590
27959
9534
15188
1485
17042
19194
53621
19153
11193
41171
8226
11822
65274
29936
16062
40607
6943
20411
28871
54417
18947
39710
44844
35776
14013
43927
29761
54102
28607
63715
10962
61014
7511
57861
42894
420
45937
36914
54680
48277
20045
3669
48914
37858
35579
36658
65422
55590
16607
56079
53448
2733
63482
11037
46397
5458
19208
52040
8682
39995
54445
51205
16450
26745
59425
50634
46572
21749
48810
15764
63949
48565
17372
20078
10063
19913
63497
31473
3114
14548
49697
33782
40351
43455
32202
59842
15610
26271
25427
48962
55556
41770
41642
56984
12071
7358
12455
50101
29653
27938
40596
27767
23447
45463
50364
57550
5631
42785
11462
61465
31292
34447
8790
50515
27107
58165
30507
52435
64145
5543
8195
3173
14131
52926
2091
58606
18242
52673
33812
6934
55749
2093
3706
57873
22268
441
48082
45045
47304
61688
59621
17551
55481
12630
51113
36148
38966
26883
56094
6873
2223
54117
27495
30540
31394
25151
29546
40230
63231
17834
21257
8907
22982
48453
1315
24221
52938
39677
1638
17405
16553
31135
64115
56511
53741
11413
23741
26669
30725
43749
51421
2762
48708
34897
35217
22259
9020
15147
45269
4011
14192
1761
50354
59675
6697
30092
12473
44802
27389
33591
52771
33865
6393
23022
50119
8895
16040
21890
46617
16683
33517
6379
23509
1430
18039
38277
20921
28694
41282
43203
29885
40549
31489
50372
38027
16585
15426
19727
5260
6266
58390
46230
38922
62320
2520
29907
30616
57695
33694
21154
2297
43054
59506
30110
19187
48413
29896
12393
25771
21878
32317
40972
26898
1657
63846
27134
37605
22342
22644
51027
37905
56080
62321
26448
20009
44181
8167
6947
22420
9400
47940
63488
23023
53946
5995
13543
33279
29431
15213
49698
61276
13742
46968
44327
26595
25106
54744
44983
23056
20219
6652
53959
12134
49299
19545
12862
27158
21784
55281
5970
37595
55914
34897
28137
19668
28590
15887
52495
58788
5032
12308
38428
4424
44967
65488
36333
21782
45926
31338
42177
35550
20869
17674
33625
14973
24813
33864
5997
33375
16230
42721
57656
54158
54739
1098
41020
37706
1283
50684
40264
58483
41089
18402
4528
13137
40018
46816
40224
20998
46740
40921
40635
55406
65434
8236
48295
56673
41543
15248
37043
32287
9936
56261
17256
65227
42118
15122
57014
57514
29882
45582
14434
30181
19903
47001
30337
23582
11557
21423
35089
57384
41947
41183
32493
5683
26858
27652
7404
19362
61177
19334
41049
61688
2592
35152
6768
45711
57976
59794
36507
51046
55076
60051
54685
29341
52198
9805
46026
36691
57625
34779
34466
12520
39036
60422
7171
60151
37463
6982
26478
23273
63638
1185
19821
56245
16376
58430
59457
5843
35211
5577
47258
12336
38549
60350
7956
44292
10849
15170
32027
1487
32106
18368
57739
16140
7476
15897
15899
57133
45646
42099
41294
30255
37184
33009
62847
22999
64357
35143
31453
8438
10540
23708
61574
45918
805
32614
62760
6887
35492
45595
12407
2386
41599
17589
46903
28631
2168
59480
32126
24579
4733
14580
16355
60361
28995
50438
41269
63420
33171
44093
45937
47371
45212
14529
52217
39217
31018
53021
47348
23552
44770
64334
37734
23249
11981
27646
17509
21208
3068
53759
60343
63264
18291
23111
33218
5121
42206
11153
11122
23735
62553
27951
37751
49351
34258
24656
38915
46251
5430
62375
11245
40645
22565
34270
30088
47885
50801
19854
45803
52040
23912
56713
42352
20647
62105
61585
57722
47481
37592
38871
32549
61413
51243
63671
1700
2358
14122
28795
49115
25939
23793
35457
3716
10154
22817
63500
36177
64446
15854
12076
52603
57122
59152
42666
19429
34032
20248
60576
39749
11103
40414
5495
22694
22026
25979
64994
29233
57541
19298
5652
47824
45982
53289
44605
43084
53033
43564
63928
1158
9371
45587
29579
62046
16064
7611
47167
55352
11440
8981
33700
60043
36606
923
43124
58268
9539
16349
23965
42221
5741
45813
37562
24388
60203
54752
41545
7727
15383
15688
45285
2806
51221
58310
37061
14201
30150
51635
61342
23433
37836
6405
59452
54481
64517
27660
53380
36469
33541
35896
27927
26240
48681
18254
33512
18771
37804
40411
43568
24098
48342
8948
27298
46682
53189
63182
38966
29401
2876
28522
35594
29210
52243
56055
39965
10404
60479
12334
3041
29830
47087
45843
64631
1073
57021
20216
14802
41227
9165
20937
48397
16472
4212
59025
40024
45677
2604
44610
30316
16307
53886
26198
11753
35740
9262
45579
52709
57691
43988
1029
63020
28718
64809
21501
33163
11617
2079
53633
62743
32439
65222
35532
48988
30177
35688
3984
2547
3323
50787
22707
37084
9532
34519
62649
3503
37085
11038
4260
17666
16616
46689
57442
48055
60689
56920
33877
7868
30592
27364
24182
15559
26412
45216
55996
44419
60247
36237
27419
51606
2073
62771
42219
3455
3995
6994
48262
55214
3774
62328
24691
7201
28370
64002
49954
12382
12052
36516
28747
37218
13197
59170
39489
60227
61232
40999
25800
52214
62275
51477
2928
42659
55031
16103
64131
33150
33810
5485
31519
1435
2477
40037
63968
45331
35727
7953
50651
10983
730
14134
4457
33139
36552
27432
47589
2485
38027
2229
13906
61548
48358
31993
39863
39948
37539
45434
44343
32193
62356
27792
45254
60835
36618
36169
25450
24278
60944
1795
63398
33037
36830
56814
17611
63276
63192
32603
7350
33853
55647
34893
7939
56842
25534
2887
15660
27896
45696
22421
50464
31527
59340
16163
29538
64242
62631
21742
13161
20740
63368
32518
40209
16677
55370
38581
14189
42596
19895
45644
59231
37006
58144
9473
37267
36969
44592
10584
53736
11649
39029
57607
31545
47519
36498
22118
14117
62646
38041
45019
3872
29418
33857
31097
48289
9510
30655
34023
13256
62890
36970
50076
63830
44294
9461
9492
41373
5430
18540
47140
28078
10516
37674
51053
15543
22253
16608
29149
34527
51116
3417
43644
44150
16373
32646
16179
36398
1973
40162
47504
35576
8191
51248
48185
45480
54558
47997
7219
14212
42596
32121
51006
34347
45531
22293
39728
23116
64220
53054
640
63040
44720
772
36538
6313
57632
15950
48300
57503
27783
48158
56612
14429
11102
9398
7608
54544
52556
26021
44229
60916
4441
14119
28735
59150
4676
41767
54416
11567
10869
28078
37719
2502
33059
22980
34182
46276
11261
23210
30414
24853
29160
52973
50450
3341
1286
47211
1588
48621
49517
34403
20223
29014
34687
64158
45738
40435
36942
18484
63265
53274
48105
55741
12941
51713
48505
2710
16209
40418
56582
6639
134
57119
57791
19494
36464
36
26307
52305
31494
40344
14156
10802
55362
28603
21076
5258
25114
25883
31263
61139
6787
57643
526
6134
43875
18527
26339
61871
44551
10133
50606
2831
1360
5661
38257
3145
35012
28220
26838
10848
39573
29883
40682
42715
5960
4841
18646
4476
57624
55293
58570
47646
2256
32282
16152
63844
58710
41861
61303
63812
59609
25901
10698
20988
24480
3999
37840
61773
18940
24825
11152
14919
38960
65168
4218
20324
22221
58231
40653
7627
50620
57398
32581
19877
60222
8141
58898
55428
62867
39031
64166
21887
48753
45493
58329
26431
22849
49010
13302
26365
46968
7098
39705
54693
21199
62404
11984
14402
19378
31763
4471
46859
39310
65375
16917
47974
40087
54211
32551
61443
64458
38346
49467
16888
49488
23065
50654
18025
15535
6904
23351
49766
61824
48757
15523
10761
17742
40995
45994
62138
59097
32002
64746
48707
50433
19323
24766
30865
3927
24204
58904
48490
65449
37079
30764
52194
39848
51398
32730
1225
47807
30471
50778
63177
26568
25344
65455
16207
41282
9946
26800
57039
47018
37397
46706
48956
19414
50314
58947
8933
27185
55606
64179
59111
26250
19646
17306
35789
36980
16732
28305
28999
34682
21993
28728
22988
65371
1061
1246
62437
6374
7959
60886
25785
63970
7009
46375
35128
25486
8182
9424
49047
24079
13038
60704
49700
14348
4758
54452
41330
47407
16529
44862
47280
38069
34336
6086
36644
16345
10476
5289
62027
9795
56819
3992
58054
15066
64570
13366
45536
38145
27787
7064
44768
13557
50054
6138
21464
41855
60020
64436
52381
10247
24036
6128
18683
44769
2525
47568
43407
5508
28247
22951
9524
31332
55795
45740
15322
3191
63602
24243
63407
43810
61612
30784
56536
58816
28375
5427
31231
19051
44076
48779
14987
14155
47479
47900
58251
59447
36950
47395
36661
60957
25870
48941
16608
60827
5002
13877
60457
37302
63357
25455
8489
13304
21910
62574
44490
20166
23569
51044
38153
59783
18334
10222
33464
9333
11161
30694
43018
11944
56723
43776
16683
57248
53299
48767
57121
43300
62358
17231
28047
34196
51674
58837
43813
4709
41442
32195
22980
3734
22592
60302
62715
24561
17067
58777
54075
53671
32936
20688
48003
47725
14246
57726
4512
15519
20607
46718
18342
50281
45433
23048
57539
34790
52568
36530
38265
29878
15032
5786
47822
50232
13941
11652
270
24812
41471
22101
31481
7398
54997
55280
57898
6598
52778
1605
3568
39036
50875
14817
25318
25397
22667
31292
32722
54244
16337
58985
17949
5120
8116
17974
55253
64315
29580
17923
2423
387
60707
21592
33819
20487
42853
46872
10107
20423
40221
22355
27968
62240
40441
45224
12853
22802
40201
46733
57965
61281
26748
64545
11934
1216
45302
32103
25915
40347
302
37287
41272
62944
59374
14719
63610
2457
33307
54852
46894
24030
29887
28277
41568
59872
14223
20384
8017
8992
65275
35528
20073
48664
49369
26109
20511
37987
27417
21402
48733
35342
50527
4646
18564
19965
49226
49968
25628
15991
11717
52588
59637
6177
25989
46707
3707
485
7744
53347
63987
25663
8399
19607
37504
21031
1494
11564
19540
31335
53614
42322
22370
2598
20141
58348
48277
4821
10083
26326
4787
12495
14918
11397
54191
57380
47534
16969
24909
3981
63938
56599
17915
64922
35770
9931
28180
40904
11580
1962
24429
64230
43635
38138
14317
21712
56720
12576
39914
44836
48995
31412
48668
60222
60234
60560
45070
25528
30877
27630
23742
60165
19177
3848
4026
50916
36506
41641
19946
7895
7090
18262
53998
61309
3190
41706
62064
10449
58438
63692
11413
38096
29174
40613
62320
65493
15186
3072
37509
61349
30418
42088
3054
842
32999
30360
51118
33446
43600
15888
8000
4996
4947
18705
58206
33774
17053
58480
26314
57645
48234
15358
61119
50291
54386
35407
19583
54043
2413
13350
38467
23888
6737
51280
59248
8089
56645
16896
50682
16960
37494
28482
13146
37944
42794
7162
54237
61797
48656
38300
55468
13915
16255
55607
48744
4565
13965
35316
58407
41373
20247
46542
9848
27973
29658
46080
24845
29174
28273
24960
48613
59800
26026
2934
59494
42320
33319
39213
23836
33771
15768
55870
9257
38281
32665
1784
53090
33957
21450
46163
58654
19023
37105
31647
48339
58066
61285
19482
44097
262
56018
39099
61811
47616
27848
18739
30516
32001
52106
7370
33215
38840
30833
6954
58471
13658
63456
38807
64619
30128
19692
35770
49071
21054
61293
43412
43431
19029
515
43314
20052
48308
35225
13882
5583
15461
31431
48942
31428
29969
2396
36648
59662
56620
35019
10221
2293
273
19286
59331
48731
32653
27773
26332
47211
7573
20647
40355
35489
10345
63732
54854
53290
13830
47279
3467
35027
20298
55310
61131
31907
38354
25325
717
41099
46128
50112
23612
64720
34139
29253
37548
57515
47980
33170
21375
45034
19385
20125
9101
10258
34707
31616
31132
51748
2218
32663
60960
4188
54823
15993
29068
12546
22764
57636
4754
37980
27324
45034
36881
15982
56027
54247
28030
17935
26551
50275
23086
34339
49310
42583
31595
10324
51008
62688
58442
27193
28729
60736
1704
27426
49674
20941
39281
2471
30775
7904
25554
24847
23050
51130
40324
13299
22385
29474
14124
18946
49439
12048
47887
49440
61056
55439
18767
8665
36531
7
2160
33846
52117
55740
43498
27761
55961
8195
18907
19942
660
13262
22413
64816
57967
33630
47008
58880
59693
10207
17093
17708
19739
993
19689
11593
3426
61425
46634
29156
40653
21880
35705
9686
29837
36164
60747
16517
32763
29607
33984
41572
16503
17845
15250
6846
39278
33736
32253
37858
41331
59401
21214
40903
13177
56490
37809
54077
18726
21092
26240
4746
56946
2576
1152
25779
20074
54140
32382
57143
40028
65073
19961
65416
53775
12296
22516
24334
27867
19409
34638
57354
19366
41316
23847
31105
45306
20891
29187
39251
26715
15496
4339
12064
59322
43577
4471
49321
27878
47748
29795
27276
10767
51148
26293
38961
38003
40521
34139
58464
362
45388
42548
2471
27878
48195
9924
19885
223
61932
33212
25772
965
39525
11557
35253
40169
32216
3520
3755
57282
1536
11060
5974
44485
17784
10073
17628
13845
6974
59675
33781
7201
17880
14375
34830
3434
54363
4527
48164
21157
9597
48411
41801
59065
19968
63548
39437
43393
19833
17066
54496
28555
64127
3780
64949
38624
9134
37295
33042
49778
10165
27552
43657
25141
41284
23607
54617
28905
45865
18703
28164
13028
55859
8152
36141
18393
31523
18671
33981
8522
7038
23648
35461
40106
29246
29922
31091
5053
27940
49909
59616
304
31766
53532
26414
13420
2877
63280
47195
14865
9914
16807
59108
62403
48589
13238
11189
2884
31799
136
62850
30713
32019
4255
44475
54368
63070
39711
38138
4199
5197
8598
37380
59926
34899
10088
55552
21117
7467
55154
51983
50783
17310
43679
2021
2915
27216
21809
11759
61216
20861
5183
17683
23365
26456
16915
60158
20116
5733
1845
16504
19897
24041
13382
22087
53550
61652
12970
21146
6768
23475
42954
63915
47062
10110
1295
25372
49851
49392
5284
14523
38181
21398
61556
58616
59559
61504
6944
16507
32868
51415
39964
42835
53327
22289
49719
20231
56197
9891
47649
29000
15992
32144
61219
53718
31922
19505
17225
3363
19849
18504
24021
40955
26368
6928
12044
5529
30661
39709
38615
21149
53909
23581
57598
52677
9208
4723
3279
11108
26159
52221
65285
33809
31104
2398
39822
50297
30216
57772
19955
62671
12650
22752
26238
22113
31130
62381
28472
46280
27161
45362
55743
54093
5867
40459
43834
47319
57941
32281
36550
39856
30000
21857
71
51384
42467
6547
24775
10398
47513
29617
50371
53155
45627
43337
48127
12414
24422
28545
2586
5784
58255
57586
57551
60652
52706
26808
41017
32667
64359
46825
61532
65295
60113
65005
29697
54265
49621
22934
10084
63077
64374
41416
16726
6955
49276
61581
24543
60095
43126
64153
41624
2967
779
59544
6754
57917
50091
4086
54148
62287
21184
1743
9285
58183
33337
54502
22667
45538
28056
38125
59622
28180
34128
35155
22269
20641
43777
55374
22669
53401
30495
54897
24223
39002
17294
40578
44929
37812
899
58283
31768
3499
57747
46258
59274
43208
13902
31063
60793
24224
26147
55630
65120
38274
35703
55511
9438
34191
47119
50185
15276
14442
45813
53022
2360
2060
44540
22247
49747
33811
40069
57570
55159
17316
23807
40982
25547
51046
51963
59021
19189
15139
18668
11222
48398
57582
48721
6071
11982
36896
46034
41592
43596
59274
22661
31092
2842
8119
52644
61988
13092
39999
63020
53881
49354
21765
42432
58470
15945
38694
13674
47938
52455
49537
45803
1224
29715
9000
61929
18013
30412
15868
65091
6342
11313
1765
19421
30656
41700
42799
38336
53869
21099
22085
57977
52142
37580
39598
47995
47850
52047
1907
6968
21540
24911
60814
27043
34745
1348
28337
21005
33010
64962
61643
48612
13937
61367
35313
53754
64507
54515
21349
57434
8438
28063
27613
1549
55440
30393
33780
57318
43449
23758
51934
51089
44772
27932
18859
15108
32529
27094
63142
43330
14089
13323
30472
61877
23654
16479
35345
25558
4004
35090
60243
30702
38182
7895
10832
50541
38763
24180
17218
52775
16721
36210
42312
16568
727
24077
27038
1886
4723
20912
5558
51823
60180
32275
18572
22771
51772
64660
12431
64885
63478
4616
19972
45247
45145
3838
3436
35745
20657
32437
56650
59803
22000
30232
12595
32613
35561
7927
54776
27912
54694
31262
21149
5463
9476
48276
62939
16517
33766
37296
13899
37638
62792
38178
61695
26481
16252
30971
6557
36296
22346
12445
20048
64807
54011
41066
33873
43697
52325
7870
21074
52237
32873
18236
63719
19779
22606
14519
28921
7338
42284
41403
37713
65319
56459
33309
41312
78
14979
49983
23975
58828
16770
28366
508
62356
33559
25678
51581
3151
8763
15894
50413
16715
19296
38434
51076
12361
30376
1897
6447
48511
13412
56041
11066
44369
48332
42486
60591
7071
44971
7703
18432
54321
60727
7107
24303
4677
43345
37003
32986
41003
16607
63586
6728
45559
26933
191
64580
3957
53151
62888
9444
47104
60055
48600
12322
28566
41491
245
64134
42478
13627
36751
40106
2969
35610
53248
2097
64689
45629
59325
44647
29798
16734
5161
34938
65224
48049
24292
10763
30499
47166
24624
29249
57225
64990
38640
3711
38845
21844
29380
30086
46618
26852
6057
51943
32661
24470
17844
33122
44101
31376
31132
41781
5364
61158
24939
51725
63638
19659
16636
32259
23478
60442
13294
42317
8791
48665
39076
27400
38948
44997
24214
41322
65201
23381
31194
6789
3398
21081
18961
59894
39603
32234
2429
50861
8963
349
31461
57793
26430
42073
17366
857
22197
60666
49733
58811
641
13396
54686
4471
27884
55439
14263
49636
3977
40432
26189
21061
57295
34125
56750
31997
40070
38177
12925
27974
63634
2655
14149
21377
31066
7779
14658
38210
33623
18509
15819
34367
26443
8204
40862
23784
35524
60075
13485
44157
63603
31443
18653
7570
2410
24914
8235
26855
54445
16840
28632
34872
54602
38505
26937
63422
32347
60475
19485
40080
45979
9976
37800
27140
47489
35044
25589
47947
32461
46568
22360
62168
61483
41494
64607
56302
24524
29466
10581
27429
7400
258
60978
9206
20092
58020
59384
23899
48766
54108
36159
6171
15030
50000
16292
52084
23215
9890
63337
22862
16304
15388
31766
16567
11907
21277
4638
2566
28118
26631
32226
60995
54407
22659
8312
13956
58070
779
4125
37310
41723
44480
64651
59462
49693
29523
8792
37326
5856
54228
51647
19602
7069
8739
29435
26723
7390
56354
1958
48678
60916
500
39307
45544
1751
7081
50274
63775
10478
2070
61425
17643
35021
30085
38931
21151
63124
13052
5560
26240
13731
6937
39628
20753
41845
40546
62626
39785
33156
63948
30432
49647
8389
55105
33585
37362
63272
62408
9885
47803
21794
47469
6775
54516
29363
32015
62478
1132
7244
44316
20401
22303
42536
50214
9506
58980
2503
47948
49516
6780
57703
10521
19046
12607
40968
58093
10438
63769
33298
27956
58400
64470
30363
58055
30093
7313
19002
42587
43568
10908
16638
16713
29895
31642
2468
12396
14231
6170
7280
9774
25080
5934
37784
5621
43925
12767
61856
26087
15510
60680
11558
32025
16854
21137
58089
57143
7775
31744
26088
7197
34541
7533
39530
23434
53628
61646
38191
64559
56440
31680
6242
10777
35304
5304
687
18469
43735
26581
24821
34312
35335
24384
54629
55530
39946
49836
9393
52344
45496
47876
50300
7644
59569
24020
53940
55129
6322
47730
45218
59483
3841
33887
36520
63659
46130
30373
45103
7474
28431
5962
9029
30692
19246
1572
29071
45868
4766
946
13643
11170
64104
58014
21397
10752
5338
1615
62271
30653
16441
46554
60756
28151
35727
18638
17565
36681
5908
33707
11533
15695
9098
30523
31578
65485
45938
7920
26578
31024
53699
13600
3796
27175
50387
15315
37700
15899
45838
61443
7314
21208
61771
40841
14946
21554
17513
64314
32641
30309
22768
5370
13582
47763
53809
25748
64948
50391
22868
41849
18884
50489
45056
53413
46642
48005
12528
3493
51026
32802
5433
55748
9003
32387
14914
39714
13119
52612
52562
5536
18807
60166
63195
12576
20844
28662
62831
17117
10168
64079
3900
46163
58913
21284
37886
61194
18609
65150
61724
17868
44505
16419
65127
3312
12218
16580
34236
62453
44798
22545
34534
30341
34019
7498
13162
22977
42791
30464
33485
35929
37898
47756
3583
24553
16094
3009
47634
51084
38259
50198
61442
3261
6025
25434
52094
57563
29351
19480
50000
44657
49000
58505
6593
30677
51731
45324
63901
45465
57038
58896
45669
36145
21791
4894
3364
22270
36423
51157
25055
50887
50269
20803
37248
28211
38118
63266
20378
40497
61439
12951
2365
47742
65280
16997
34120
23103
37622
32941
37394
50747
21304
18037
8341
13788
13406
59124
53755
25706
325
39277
42479
4454
24384
8216
2535
50529
33455
26806
39677
6647
46515
62983
50755
26198
38541
63018
20129
28297
16372
28306
14994
49780
41992
20417
25857
6388
64531
51961
62515
61301
7630
30322
26306
48795
34268
37300
5213
62477
28088
37180
30278
48041
14568
30735
42815
18694
12871
12317
51785
16515
12505
64195
5811
14771
3936
49452
37619
52258
43387
29806
8980
33390
42732
2577
30095
1104
29871
38208
27406
13003
2202
63699
53100
15822
32720
17715
23326
38598
46123
60097
36194
56001
51368
14881
5866
44125
27330
46342
47806
54786
31977
8924
63515
13879
12278
51686
31610
7828
25581
35520
12789
16341
48768
63989
44843
51839
32169
39289
62634
34172
57049
45052
32921
35552
31368
31202
44412
32736
34633
62373
64220
34828
21345
1828
55935
60703
30861
409
51062
25479
9511
63977
14102
35406
5634
5553
36878
58082
7407
815
63285
40646
6412
57912
7073
9165
48435
20157
10942
3406
33535
35253
63146
29966
13537
37496
26944
27757
5197
50163
19477
63712
49371
15594
22354
30627
59555
47102
29004
39857
45639
12323
31945
575
13993
35427
40094
14425
60322
52490
47126
49361
35294
8666
2164
42714
3691
19738
49329
36892
39420
1819
2410
60765
9345
37391
24596
20032
51852
59649
6567
4121
49341
45868
63286
30188
30908
5166
11810
39183
60297
65155
8742
48199
38333
50716
35354
55409
7497
5347
16166
48730
16937
44838
17143
7962
59595
2811
11514
63594
51909
17604
26939
15259
23479
10286
39330
25389
24425
11348
44463
54925
38818
32044
64973
61410
55726
28324
60202
58250
53559
8490
20860
52909
64610
40164
888
49306
54717
31849
11717
54289
10645
29507
40588
26862
9828
59979
5356
16769
28684
65037
11534
16741
43936
47472
35477
47308
19468
11542
53737
39774
53000
17296
46399
42750
51627
13035
60901
59506
63444
25760
54647
10697
53447
19243
59613
44831
27434
54936
6454
62656
53310
42492
47389
39900
56934
54981
56010
2782
403
22763
41253
43494
3340
59593
64373
22702
36715
15062
31442
54974
28547
38734
45951
49641
42911
57314
23301
41539
40943
47921
52933
63424
25449
31734
14253
46000
54027
14630
2595
46698
14034
61049
43789
54325
56859
59821
60335
28487
17870
12473
21915
6862
16812
39783
11896
16136
18601
17478
18923
60827
11068
16569
4869
9387
37986
17902
12610
46257
24740
15726
46245
1869
8423
39920
10130
47063
45172
25598
32823
22497
18662
58434
38768
28411
1793
36256
19983
63174
30013
42839
16237
47837
53738
14696
24060
4237
45413
983
35828
7228
61355
7257
55439
16733
29982
32278
60326
40476
34105
39445
16740
26607
49271
58765
64626
47001
8945
10134
14285
28629
23197
27734
862
1280
20198
10217
17783
63732
41863
29669
9147
42564
8173
17440
64955
1675
47073
50909
6726
21078
44389
4563
29765
62443
25831
61257
61595
4666
10604
14976
53242
32171
11776
9411
16845
40175
53768
65471
3905
6336
32456
48888
38769
33066
26069
20856
23437
747
43317
47080
38084
4793
43203
60576
30379
3210
22148
32812
8453
65060
45826
47946
1071
42143
37118
29532
59104
43446
14384
31099
46760
19411
2875
59702
31264
59627
55167
51439
60427
54944
21570
34711
40500
46284
2030
54244
32327
25807
47929
24574
16893
34072
1821
58082
27136
55579
56624
56510
55270
62087
2846
39126
14379
35615
62576
7714
9729
48375
65522
35399
13003
24227
36436
2064
13494
52526
3673
12509
43245
13001
55751
29800
46333
40526
16582
13091
39889
15243
9176
57370
3385
27071
27033
4824
10564
3807
542
6163
3404
56978
870
52011
63299
62266
56133
57067
8242
10215
4379
5450
57378
8783
63928
60830
34134
1359
39251
57636
35506
215
9457
48754
1524
49627
53413
50308
44209
16426
16837
38398
47756
54322
38297
54096
41711
28534
12062
13352
17135
57411
34333
20132
9565
25379
31395
3341
50194
47398
41291
42028
29623
37189
50632
52384
8590
54304
59591
15414
27615
14880
19256
63894
14293
2855
9318
18279
44163
38130
37036
13048
39390
6268
30542
6663
46406
21856
49469
19524
64408
2574
32655
16388
8045
24644
8250
9170
45496
24766
53895
49040
35247
61508
22145
30004
181
63803
43043
42271
15219
13416
7345
36170
53521
31411
8684
56944
15285
4566
6977
4857
45561
39604
6132
13405
43596
31264
1127
30718
37716
55504
49220
52629
61641
37749
32934
59035
25801
62464
61939
22880
16687
40100
41174
40139
44551
22188
50069
16186
65421
31730
41930
3767
46542
38149
7676
31174
40140
61570
19017
2543
20024
2756
35630
63007
16785
35462
30653
30938
37196
25549
43565
20652
43034
11987
48610
49874
61233
22915
27924
5693
36948
39298
20456
63542
59846
33807
47758
26610
50222
34381
53090
25811
34229
14833
48847
61312
50384
21651
4539
22825
11484
49192
40958
26364
25536
42669
39739
40173
27670
20985
48589
60511
405
3828
58245
37494
2786
53544
28780
16811
41871
22139
8901
1036
25279
26757
4691
17340
37365
7230
14538
26810
10412
13062
25808
14205
39292
32814
60857
12452
39068
64406
57197
38125
20581
59337
5430
60762
37832
8590
24523
34121
63624
2142
24377
30958
60423
55470
18664
38697
7550
48558
55251
40231
6562
23935
20871
24600
40017
12234
64326
54684
24213
39279
14815
34465
62679
51239
8911
20096
45504
52706
13620
45804
41658
45155
52281
6968
11158
60708
32439
38681
45798
41361
59086
17728
8941
38151
42851
46362
46997
65339
14010
40075
32191
41885
33958
39315
63304
52701
17120
38047
26130
34542
47631
29630
10630
28870
8398
62244
54864
15416
6925
18746
1885
17200
57072
47067
14187
52371
33011
55000
31519
19427
19532
22794
60448
10142
7127
28076
37403
39649
63512
46579
64124
32526
43506
36165
60674
29436
8344
24708
26628
11124
60463
8146
8743
3247
4960
14774
4128
48810
46070
35743
58724
15040
14122
13524
45814
17205
6129
29076
63318
50627
9816
42873
19243
18731
8641
65359
7532
2526
38258
23772
33722
44558
35996
8529
12403
26368
56406
50106
5752
60948
50505
36468
56497
21463
1148
32977
44566
65103
35258
37471
3974
3519
7575
60136
58458
5935
63033
63475
600
656
24124
65422
8987
10908
37608
11974
19917
24556
33581
50675
30019
27004
11627
7113
3795
14579
25748
37817
63277
59882
19803
33553
39338
20409
40725
55095
30780
35760
34662
17703
59284
31056
17290
45025
22608
27280
22774
39410
60664
50817
19901
17272
53076
45622
24289
8359
53925
56019
60698
8735
56694
56648
43499
36940
8710
43591
53435
46948
4122
14177
27629
57779
53530
33824
46870
43944
26437
26164
26219
22265
31977
63351
1182
65005
2346
50713
52540
2577
28321
5072
63194
6874
64124
49972
6042
50605
48033
21905
52019
10720
19039
63933
42874
57375
31864
36521
18826
29513
47269
63873
64390
63213
64160
14015
8220
2646
61183
6150
40284
27242
42201
10803
22737
58017
33049
26743
3486
50569
59394
13103
8321
57917
43978
29292
60293
20093
59838
28652
32599
47890
21778
56846
56969
43646
29356
35691
43252
4061
31611
21474
50072
46287
1306
22552
29311
44672
53385
40530
37529
4680
62158
23912
37112
23571
62380
45229
24302
6544
28644
2515
53797
48570
64533
30719
24047
63523
60269
47345
23424
14854
43789
60400
37419
61801
26573
31345
4282
41031
36181
32820
12702
11855
33950
31272
39964
54
51770
49590
35255
41615
45335
41122
52404
32941
38934
61050
41945
19483
12823
30495
30426
21447
14969
4459
30358
45449
9117
32535
58450
19653
38329
48656
8078
9470
62571
13958
3523
12759
24885
28085
15892
15459
56055
46457
40198
46554
44710
9906
62118
54367
40250
10404
40194
4338
15645
23925
48084
53871
38333
3671
54446
35925
40151
36222
1550
3351
20154
57625
19473
15265
38105
64268
23212
59630
23486
27677
20360
31006
64314
34798
26630
54204
34503
50395
63430
58333
57420
39277
14037
42193
17812
32543
21031
59011
28231
31332
13806
41131
19214
21128
53031
34737
28187
8502
3137
21208
4977
23863
41910
5254
558
28770
62232
50185
60422
49704
22501
5221
32062
27026
9888
6133
56376
26316
38131
53638
26370
63183
45251
356
15068
14196
449
38767
53162
34919
5195
13784
24141
30275
42767
19809
7267
52804
59769
4449
18860
33578
61239
24356
30485
45262
62018
3175
26843
54333
54844
23682
35476
43998
45945
32983
34879
62684
6432
26947
42169
30395
8533
63198
14950
64096
45952
30501
34582
13701
27696
16829
48004
20794
8075
52509
42815
28222
26948
36438
34329
13081
40196
43556
62267
43989
714
37816
61167
55482
59158
4890
5672
27849
25702
12780
24486
35423
48728
41998
6864
28022
11292
29366
21737
56364
22434
59488
38128
55028
52491
44541
33914
51227
16893
48006
40145
22645
2966
60992
6934
52535
53078
42622
59554
31322
62728
30970
12881
3994
55208
5507
43610
64389
13470
21637
3806
30645
40030
3684
3609
56872
55444
64158
21836
7067
59926
41850
19592
6855
39151
2438
33970
5314
12260
3422
42593
30932
37617
24296
53148
18827
57720
7245
30745
25439
57876
13723
95
49547
45865
34304
18873
51003
38472
46331
49216
59296
38733
34628
59582
50380
27673
57800
2255
39240
44640
48431
39835
6500
57957
27042
44396
15561
24972
25454
44583
55610
54855
34525
3738
37768
45261
11504
49118
34051
15615
35278
32052
24455
15367
13222
31051
14880
15017
1687
21784
54715
16310
27769
39917
49311
22633
22792
56583
59727
63000
15543
25918
42536
31888
12220
39604
12023
2180
44850
5766
39968
63865
452
43398
14292
19460
25090
40073
52000
48313
5993
46849
21706
63387
48440
43633
45297
19280
50863
7236
18371
8283
47834
25957
29399
43634
1894
28579
24437
65029
61054
23569
11715
40248
57453
23713
35014
59847
34511
2435
20764
21759
42045
19501
26373
6229
656
61791
63034
12288
36284
25194
16248
51057
31308
9740
34824
2130
24293
11924
55193
2970
32033
48094
22239
33248
9016
54735
3862
11126
17531
42812
54537
56219
56097
43519
63966
12992
62439
34546
29216
36087
38773
6174
19789
65373
16849
33378
13423
24966
30150
9668
16661
8215
35604
15437
34472
24899
45523
25109
21489
33892
8118
18861
17910
60841
60580
21699
14112
28643
37455
16931
59566
52431
30473
43078
20825
62296
40824
12853
24067
3467
23
13468
46422
1190
27009
32031
20635
62976
48168
42259
56742
24708
40659
63379
10333
9286
40335
18354
3205
8822
21863
25157
12855
32234
55913
54123
37902
64563
5340
61086
16982
15259
62789
34301
32885
59884
2988
43164
31797
35010
32812
43671
38719
1440
43595
22618
1278
50337
56769
43356
47591
28275
13631
31979
20452
31853
21909
33179
44486
5536
59678
56385
12842
39907
39660
61118
7865
2879
64735
11156
13342
32569
22555
624
13018
28722
17689
61959
51241
20282
63829
44253
31773
3160
33236
15007
3646
53145
2373
59388
50498
28397
52702
55468
27039
43848
41286
1345
64401
24498
50132
587
60063
48317
47378
4762
60231
52956
19717
20513
19582
47842
48042
61350
57123
34121
30757
20891
61456
16833
21258
59490
53108
21397
51311
8798
53746
62990
30126
15112
27772
46957
48428
36755
58417
15710
64622
5617
17348
49501
24083
52749
49507
2128
55916
20880
24677
44588
12646
42486
30139
52865
5526
57314
52312
7670
1376
52380
40597
36253
33
5087
40342
33779
18495
35016
16954
42707
19476
36807
17577
60884
7295
2900
35246
62191
53993
21180
31409
54879
64372
45920
37641
19820
60070
43516
17516
15354
12186
22257
7649
20430
24002
19668
25571
49895
9800
32917
17499
25813
37540
60901
19110
19261
32155
31309
25177
22028
18637
63635
63225
7464
31479
5763
18790
64672
13868
10877
64489
7682
46869
23201
31245
38395
33059
59423
35547
51324
33704
59602
57092
58302
3813
53163
9554
42169
5634
20491
11872
36995
6078
24905
46942
13285
15811
47634
16747
347
21175
60412
13470
12113
2857
35076
4817
57124
4172
9121
33605
39391
30154
58325
63661
32329
10812
63471
48729
32355
33087
25076
65271
61926
47552
5868
47859
28216
5711
46061
30793
53327
15348
1440
49969
4248
55338
57839
29313
51824
30417
64466
40034
59036
15032
36917
34331
49516
61745
38656
65050
36561
3409
25046
22304
47110
27133
10621
19347
45225
35434
63102
46442
22710
3090
52358
60688
47693
15093
29550
39502
1378
12457
46901
64722
6654
57540
7684
3601
48242
26968
8822
5041
14375
25003
3917
6647
30816
31534
2111
49281
21687
15842
51324
39935
5118
55782
45384
62806
4341
34910
39622
12382
31063
16907
4604
30451
5897
52957
62430
47137
20832
17601
63970
2824
62083
65250
36556
65229
2416
23508
47624
59016
6172
46091
10902
15936
26217
32850
16668
9772
797
35663
57332
51589
35882
15386
16360
54216
45384
23369
6854
25442
29469
62497
31602
55848
9504
37633
28757
9568
23722
28437
13148
36444
33508
61760
25624
12870
63734
36451
26188
30302
1511
54636
50173
38454
43600
61557
32764
54919
11347
8624
44975
56318
21943
18305
39441
31375
48114
3744
4930
53426
12498
27873
57282
19049
43665
27469
4867
54287
16203
58892
52657
41572
38621
50136
55628
54059
21915
40005
40043
