29024
14557
24838
52340
3805
16939
28039
34925
24011
19682
581
14071
20470
20118
29380
24539
52253
64672
53015
43307
23184
65043
11974
14789
30060
64064
25749
8724
38042
61924
58619
5987
59733
20096
23111
31250
23338
31339
44173
44568
24861
43189
61380
59674
39492
53591
62034
29747
55390
15954
846
50199
45909
61430
15530
10403
39187
32741
17579
33293
21223
57848
45161
39674
12493
9135
20970
46264
19854
64393
56028
17867
28866
61321
18922
65270
27456
46443
29508
10165
12703
22828
44672
62880
17158
55571
19055
16167
12093
21970
6553
5200
16150
30736
37129
33534
48178
28781
56623
34373
32762
31038
7880
50069
916
30875
40551
35009
20268
41752
58757
46112
48786
54973
39088
56312
23509
14770
52621
58393
65475
48480
20840
13069
39886
32190
30531
3393
46369
58992
33381
25168
35366
64172
20771
37310
22444
24693
19031
12866
64626
3756
20704
55229
54133
39811
4410
45988
19660
61125
40914
59049
49849
33489
59468
63078
18387
7923
50195
15880
30400
32014
23444
56593
34921
40849
64567
25137
46975
57413
40021
53851
23375
61445
63619
59908
8056
13225
56161
42156
13908
15235
58267
44526
63369
48514
43016
12030
49559
13557
53288
49382
62747
52649
35745
25969
37412
1874
5910
5653
35240
22698
33498
15301
10888
37096
7590
10056
49134
8955
6486
40810
3424
7329
21634
33107
52710
5155
50437
30708
26660
9292
24422
24674
5171
3066
1618
59633
53836
31767
33191
58718
25572
33777
21367
59404
61918
57066
62800
62910
56200
56704
25961
40533
54648
64987
28657
44991
33234
4643
8317
39885
63933
33605
14546
10438
55922
56763
53690
52417
38917
39588
57482
54348
64207
60152
12326
5707
56057
35650
38513
47227
62894
43913
2003
16911
35854
59149
19696
1973
39311
14320
43784
60385
45100
13621
7457
43029
61834
60829
49093
11843
61726
42710
6895
26679
6304
16881
37035
42973
62819
9874
47499
22016
56249
36502
60299
27619
33658
27859
23683
1199
16137
26275
37560
64070
35575
10197
41773
48366
41624
22613
24567
43856
14587
2042
38026
16374
51919
30963
2042
45545
11034
24739
44891
60791
37428
36039
37862
24636
20231
11092
26860
40373
21539
43890
49362
16325
63742
636
51410
11726
8246
65301
51522
23173
2317
27221
3852
11971
28883
12484
58300
305
34224
53668
18215
41707
48483
15501
17541
57367
26364
40041
56151
30042
7657
37724
47045
60895
1521
10376
12638
58895
16627
19211
47889
2936
56467
32955
25670
13858
19525
53114
43177
15620
6563
54471
16024
36859
28984
33897
576
39579
53244
4147
19402
25688
25904
30267
43637
63058
8630
49984
16932
10023
58483
37202
37971
33804
50392
4945
24820
42792
1887
61922
54083
2920
54093
28544
1046
60616
38137
14447
41868
14668
3980
23360
47064
51144
50769
38163
5055
25069
43852
51799
20583
11017
50391
446
56080
45855
1489
52100
37227
55996
3691
63951
57774
5371
64093
46033
10336
18163
21969
50485
61243
56629
55027
53407
29003
3262
22491
28211
12657
26346
2296
1910
33149
1638
61856
27925
32271
58783
30687
53879
3661
16451
47111
6777
50264
65117
11270
36990
37439
60012
730
14487
2374
4350
25124
29360
60573
16237
31002
2649
46436
1053
35196
31980
55666
8575
55343
38514
24814
19085
60520
57212
47287
12136
34470
61866
7834
25977
41223
57847
40464
14374
7172
56123
43810
35287
62774
24158
58954
49793
26573
17945
56002
20594
24287
30027
37114
55641
33515
60077
2940
47815
58928
42745
29031
4022
25767
22948
1539
36853
56527
25207
22057
18708
23326
24870
45488
45977
2336
13368
21344
48409
14849
62314
12528
60688
9517
65224
7532
62159
20014
14656
24084
39501
46021
46403
51992
37388
40813
48711
14224
16709
41588
57263
17775
56538
11278
14467
33649
33481
39967
64905
52879
41741
57052
19166
56189
25265
8605
1833
59546
16102
29311
15629
3666
18824
3055
47243
40342
53211
42276
49712
25104
47168
5477
63267
6332
10514
30217
57201
35658
51087
32208
34619
26102
3561
39337
46269
10303
15131
27899
58245
2615
44900
10286
36812
54065
14275
21394
4791
56144
55031
34126
42387
18401
4478
61181
6960
8501
13123
1505
11776
45263
58948
7225
16200
22604
4240
29638
63188
32468
51774
62601
22677
62318
1335
20006
59650
19156
410
60333
59131
18207
24030
59417
8465
48376
28138
35292
48174
16861
59477
55536
56854
16964
37699
4033
49250
7072
59996
24442
3694
44996
60957
12909
28794
1532
5042
61031
4589
9630
38180
49962
3681
14561
56639
35097
46810
58081
26638
34346
44560
12777
27673
9839
30930
8027
61084
55184
38953
29067
63550
16538
31128
54033
11652
57185
9210
45085
56066
9938
53118
25329
21109
36019
57085
21830
52398
13955
47974
43906
29703
51584
36284
5178
18279
51122
731
6985
57790
54332
24248
42468
12330
25386
16139
25347
26353
15592
36093
8892
39867
26568
17350
8596
10573
21231
65055
12370
9377
58345
12538
51220
33791
26082
29226
22320
55244
46395
26845
19221
9236
37802
15559
59105
21848
7574
28556
32606
62369
8452
52551
31765
41132
6679
40683
37609
26083
15065
62031
50700
61917
54072
36780
64097
31914
65273
16149
26356
57856
26733
40598
21645
29581
46778
38423
14194
25098
57950
34778
52402
50812
5031
16072
15045
44825
60512
8991
59523
31176
48005
50280
16786
33682
53758
18877
61546
37602
15109
21952
14597
574
6993
44270
28795
44615
41602
23010
27189
40274
36499
62652
49268
33909
51835
22516
10596
48337
61965
35520
64738
62820
46213
1862
37729
37170
6693
31722
30977
49265
48309
35111
9450
9822
9671
62010
7374
33469
49810
46222
21270
23474
19775
21994
41658
34311
47706
19185
63409
52441
22547
15229
47899
59920
25144
60952
10079
55939
19652
14521
25158
21498
7020
19735
9203
52049
60300
62070
55356
17359
36991
22857
27355
49618
5766
55947
30418
21472
43106
18066
5246
43427
56630
65419
5708
15336
57861
32944
50832
53688
1552
27087
35539
35524
50865
17907
31454
30824
8026
13661
52605
60619
9366
46610
21592
30632
3862
32977
1656
28960
55254
29826
38034
9221
35307
56869
413
60017
60765
39591
24727
36644
24482
4914
54038
41104
42843
56044
38686
57190
60024
39614
19504
40348
54519
61785
17460
15755
16727
16982
34527
42644
32855
55943
42578
51663
61497
13919
38386
35589
31331
50009
21603
10434
37665
59138
6157
46170
62737
6212
20890
33747
3579
18910
22464
59929
61092
5177
646
49497
6554
49530
8326
39817
46868
7631
16444
14332
17846
33203
34039
61787
17954
8284
17940
47036
63882
46366
63052
60996
9078
3107
26584
42926
3070
37742
1202
58541
58133
38052
26011
14622
36683
50245
47851
33051
19566
54700
44265
51262
41405
52783
27266
54692
38983
57779
15142
63914
40528
10827
16295
53324
27529
30802
27668
8449
4225
4912
18560
33519
16251
5979
20187
34495
11110
6792
62238
20097
40771
36719
21314
41027
65027
63724
28154
43731
10038
26179
32196
7403
50441
57037
8799
10266
26137
956
28917
21251
14550
57199
65048
9175
19857
13453
2276
47805
55709
6891
36212
31634
7276
17880
45774
48585
18747
62481
15074
49414
17640
50697
39911
38892
9623
7776
45165
51686
61585
23157
39908
32396
64888
54455
17216
63772
6804
56303
28308
50906
1308
30411
30904
1333
18256
2596
41852
11648
42875
32333
47725
21280
10629
53997
56363
10036
52164
23072
218
19380
58016
23656
14788
10693
58692
46860
34295
55419
53934
2387
57642
39676
15516
32132
50324
7977
57707
62281
8138
4129
16925
31002
11854
742
36807
25945
37787
1479
28645
3706
44975
16634
21055
43122
55037
49959
51839
38379
36964
40527
14119
60703
21908
27040
47619
10447
37119
20918
34602
16102
11300
56379
36064
9133
6792
52227
57831
63239
59213
27019
42915
64584
15872
64972
34599
48931
58552
34110
54056
39129
44565
16206
24962
57516
32318
9644
46671
59247
36940
5153
55989
50377
64767
42912
17646
14373
52527
58385
30980
17529
63568
60089
3256
39064
42380
61957
20280
40835
10874
58223
19128
19328
5202
13836
27413
50596
60350
16537
3757
35806
44103
22172
13343
5655
49217
58073
60487
38019
19473
58332
62728
13426
60845
32835
8968
22677
58354
50474
36368
40684
20278
64859
16011
34143
33050
25514
28909
64935
21533
25389
43072
38104
55156
64959
10987
44971
57821
31945
41827
17865
9937
65496
53110
8641
25903
38346
25292
44476
17858
9360
21489
2115
61005
61898
24703
34585
58373
40174
13994
37575
15926
18909
8101
6030
59138
49459
46131
18077
9029
40727
42916
18127
56792
1179
42939
51994
2722
11868
60234
40560
18629
40121
51735
48406
29107
8271
15636
9268
35649
29122
63294
13866
8497
40463
18719
46900
61178
54420
14484
40938
44245
54930
15388
57545
14123
18078
56417
27073
43615
56059
23620
51986
14440
24420
54964
70
38999
61324
2735
39929
50266
53482
48406
8736
45993
4039
11320
35514
6453
42863
21810
41577
42938
52917
20258
2804
44712
11859
54635
42381
423
42671
42494
27310
34677
13326
15650
3194
28306
43284
54885
10283
65343
29090
53960
20143
19230
62058
61045
43027
29097
41592
53269
14286
32449
24646
31741
5283
26154
30834
5746
47404
8973
53615
8638
49070
41827
62150
50019
57235
60456
12642
50469
58537
59273
11309
25077
7309
49370
56514
55402
46188
56867
4562
12388
44577
56159
19212
15992
59830
9890
17529
41522
18117
54985
56523
26238
19001
34752
38627
13608
44060
38421
10421
26647
55993
21417
64305
547
44096
42094
12173
40822
28795
53384
20455
1335
47827
58379
45226
27335
44733
16867
2846
32573
476
1315
4912
45328
28606
13974
60732
60179
52939
21667
36702
32125
10229
25037
44923
65315
15378
24604
30959
44903
41666
34218
63329
14650
16966
8455
49081
25668
43216
49312
26656
64258
32382
60431
46365
49155
5021
25250
16660
17979
46925
36017
36905
24516
49348
39918
15305
32657
59053
13043
37506
61990
54978
60799
9998
42293
59850
47774
7326
60312
46410
61764
23014
20256
39230
64703
2532
21566
57282
63112
513
57303
43770
17686
23196
13143
16763
63768
62682
2644
23956
12596
17210
43047
47354
46688
60301
26398
44479
51393
44933
41189
54353
37796
46369
4035
61326
57740
43527
46136
50186
53065
8872
26552
58559
4526
44095
27754
64802
50885
33932
21174
39161
11138
42990
60727
53905
3428
37322
3934
52853
9352
186
44061
30865
65038
39867
16481
30713
33915
63217
19255
48562
30765
39385
57234
14446
61708
25331
26166
27204
21969
50819
10857
6710
61728
25798
17832
27230
48197
10612
39540
34909
35125
42759
20037
54600
10347
13843
47614
64534
24420
65102
63181
33608
16658
58465
60465
61857
43203
25352
44588
6193
24705
62772
20941
46795
4400
31306
58916
61636
64208
14913
8168
7353
11735
11215
55911
1304
48531
19465
38797
24365
27904
32359
12455
31434
26580
60780
42465
53445
59588
35665
5079
10071
21865
30484
59700
50524
52932
14969
60631
62553
1852
15044
1438
51630
34793
43824
5626
61044
22783
33573
7241
25242
58715
47066
41286
33717
4714
29367
34537
64776
48732
29218
7292
47456
61269
12381
55982
48328
30555
46132
49072
20922
18250
34893
30377
17934
62339
60860
43787
21281
36505
62009
59703
27416
61865
11302
15018
36006
52067
51884
49800
26420
4941
34066
18693
53784
60062
45895
49185
59410
8481
570
57214
64158
39675
16639
22392
2540
23388
25149
22340
14911
26055
54608
38875
29616
12351
1098
8805
38389
37995
3732
21787
44295
52287
40575
60918
61798
53836
16821
9555
2640
8204
19376
56556
15070
5288
37419
19888
40896
51598
47358
35698
46075
37008
821
27134
48776
16754
6269
40541
41821
55509
62480
45991
43155
12485
22149
26497
36179
5497
11375
47152
32612
55423
60213
26489
53649
20474
40397
25898
21004
57865
31101
63166
46477
24142
36529
25493
25840
17906
21440
17726
46156
13242
25852
28910
60298
39941
44598
11622
19191
41064
20268
33314
58699
58868
9578
35960
9126
22069
42290
22861
9923
35324
33636
55776
60025
24621
24245
14294
33101
26912
32551
8254
40284
53259
25547
20399
59572
62257
3440
54688
30380
49031
4087
55569
23002
8065
58537
63878
7668
52778
31089
60652
48957
32282
61958
48449
45860
60314
40321
14381
27752
64962
31605
44315
59339
6191
26676
41453
35158
4752
42541
34152
1530
35697
12558
5974
15235
11450
8206
44562
44695
51760
37192
63533
28267
825
30418
45245
61148
63676
18697
39840
1571
40191
45420
40630
26598
18975
49033
55274
25636
17663
1315
11785
7166
63059
11015
46850
39836
49253
15501
14333
31745
22129
25037
63511
34817
61923
48697
60141
3631
34484
8955
59625
41548
29392
50263
52003
38597
59076
60761
49432
14858
55397
39269
59906
11863
63625
43711
62098
52465
55640
38820
30913
49327
11117
48022
1978
15528
26782
34620
47869
1232
44956
2398
39759
47081
60684
54176
59819
8048
5892
9927
16913
45962
23793
32482
10415
46315
31908
8817
12164
27730
8410
3361
3208
15378
46593
48978
21640
12243
34201
18761
55320
3071
917
10988
15928
33734
38022
53363
3751
6960
40665
34484
43467
10160
65302
27648
7996
45499
13883
50705
58231
48795
50242
29795
7265
32057
55141
18736
36134
63806
25943
3678
10730
27284
51573
36022
59316
39856
16732
8890
52260
11360
58624
49628
4116
29432
49582
3322
7446
21072
7759
6582
7775
12605
19096
5807
30578
8516
34011
27112
11251
22725
52976
17149
1117
37375
1067
6188
45784
29897
20486
55010
55788
46139
58907
4193
50085
16208
11549
44602
8275
436
61461
57211
39367
46419
2218
50119
36936
61326
61534
50980
7288
10500
51124
7829
14281
1464
44929
6643
35511
19745
9158
47974
55451
33956
8293
27824
29458
62550
51353
3567
45144
21578
11239
58945
60731
19274
24068
24798
1480
44296
46812
37260
47227
26679
35116
32643
2143
29749
64056
43257
28102
19674
22991
10108
61372
56435
14752
9329
16698
25245
42737
5618
8174
5025
9264
14876
19830
2180
44894
1411
32200
48469
5125
62881
38639
59572
32653
55032
26943
50545
26104
24266
14937
26955
53372
69
22118
8020
11
47822
23508
63544
14190
19251
37715
2439
474
50342
13280
37206
19100
11400
54332
20987
36003
49703
23838
53800
38646
3227
28879
52794
22189
25791
12807
37493
38182
36239
8759
43207
55223
9834
45136
46136
35516
36957
51401
24084
45990
49742
52192
1763
4888
65409
54759
12514
16352
35352
24375
10936
26626
5779
12315
29518
22399
7722
34658
49775
38823
615
11659
64971
36073
6574
20585
8348
43381
36884
11152
38442
62357
35607
2398
14886
15739
51885
37165
33885
28424
45893
41525
48375
4318
28337
40342
10607
30369
8451
64732
59355
27108
4964
34365
8937
31487
28894
24945
39935
28745
51543
35374
37951
16882
7285
23879
59861
35175
45018
54441
27664
23694
14272
63226
48413
20503
25859
11121
10271
49003
52706
31362
48053
62704
21791
23717
63676
50837
48794
3358
56645
48650
26597
11961
55871
20531
3370
3805
27655
49545
54422
7987
49273
25475
56287
45442
21314
34074
62582
2970
47469
25288
49492
26744
9884
39552
10880
32503
7400
41967
61353
35144
52970
42252
39033
34292
51183
47552
32849
26090
50637
46453
45103
22512
37540
36742
56947
58662
11045
341
4764
15024
35741
36590
12804
5092
22832
47527
50349
3030
61816
52038
21680
5843
55495
6424
15011
52634
49219
24549
33474
36487
16365
20092
29783
58243
12110
57873
22896
31200
28243
50234
58486
17185
23351
53014
14190
48643
42623
37122
26778
61113
65482
55102
29286
36779
59797
3906
40938
65251
28749
12996
29098
24971
3488
35111
23551
20893
29215
56526
57340
45667
27883
35323
4055
31984
6446
40592
26453
11914
28907
8596
2428
34180
33636
6490
61504
37284
6711
24891
36241
9090
62522
7769
25805
52631
24537
54761
43340
11166
58332
63140
45939
62239
26618
5944
20559
4706
32580
16219
19525
4653
39704
58379
63513
24609
55309
4665
28386
20027
32107
5595
5062
17872
43936
34377
12283
45368
24941
36463
47167
25370
23943
46533
44513
34581
37395
59083
38199
497
56337
42087
7233
65151
19656
41414
18054
9486
27685
11460
48480
52132
28830
50578
24754
56385
53532
8942
12459
33796
14571
41233
9956
57293
23561
6277
50614
39907
46754
19501
32115
8803
21081
3800
38641
21253
26566
15395
51576
57246
18285
5181
56343
6022
52247
33362
30859
64061
10511
49808
58301
64771
51764
25728
60488
55223
41587
57556
35225
31930
10324
28260
40335
56697
57607
45364
37973
5424
62653
28734
6578
52503
48959
37331
47626
13976
35419
56176
43020
12791
23429
36492
60406
37406
6391
6605
15505
3130
37456
8596
28310
29362
42512
55145
64045
43130
20351
3568
22446
41438
23202
45395
33627
2392
23214
10140
43775
9135
41439
26555
57585
12769
5219
57093
46954
25486
26011
37632
36926
238
33093
36075
4720
26695
61227
2662
31598
55612
52271
65300
59320
18382
57340
57795
9065
45674
60890
44781
19848
40272
3427
58683
2326
53515
38478
32578
26844
43399
32544
63814
10402
54336
37456
62392
25687
48296
53364
61154
18649
873
47319
51218
57068
65140
61388
39504
58881
63125
47868
39585
48451
11789
47350
1468
22035
33710
10387
16655
16306
23957
33895
51331
4315
32882
13100
37286
1950
29616
12348
30535
51063
16015
24260
57247
6668
58629
54856
23362
32556
1869
7669
15199
25065
9228
30543
51409
20554
23591
30034
20957
56608
713
23994
33013
50363
40014
24314
5643
30025
9548
6978
51944
24932
8909
587
32324
39915
25357
54320
43806
3417
22468
25417
30211
9944
38540
7318
7537
48274
62260
6278
58661
48611
33068
8663
40999
6809
54816
21170
7564
16616
24741
20353
13109
54038
12254
60313
29824
4
37300
20973
51963
20458
46245
33184
62260
11618
21744
53466
33250
1145
13983
59903
8783
1874
9152
28948
60688
6440
9690
40350
64105
5936
238
11914
38788
29987
47259
49628
59299
53166
47377
60237
25299
50494
36988
11813
61737
16877
46553
9225
40436
21154
43156
31796
39405
23683
57117
36182
38069
21712
1130
27624
32284
65105
33230
35860
14263
59794
17101
31505
59478
28741
39854
32345
9983
48118
43678
42648
33483
51985
58536
19877
20781
36216
6525
50557
31488
50242
60157
50384
40800
40294
49564
23631
65147
7081
13426
57668
64903
9382
33078
10865
14956
14036
34414
55372
55529
19046
39028
26447
5549
34639
324
62659
36736
50726
12582
47604
7
21531
64189
62988
56708
48397
59663
13663
62738
36536
25477
35864
28366
43914
56592
40701
65069
19906
15907
19375
32996
41697
11241
9196
61954
7638
7981
23438
36953
55661
55974
35322
29264
9079
40514
36768
23463
46936
27015
17348
20452
65202
42776
46121
21481
29814
8071
32646
60489
459
51617
12458
25752
47097
328
15049
63602
1569
48636
56902
11336
22898
7694
12082
44672
13545
49588
60580
39111
40690
42476
40367
58778
65273
43551
58284
34904
64662
59485
1086
12027
36972
50588
25594
41932
14769
47395
58775
5827
25900
27118
42182
37828
62558
27373
63112
5837
51272
29248
41115
18166
41243
31670
51578
24048
22508
13228
41252
5042
13174
49836
17051
8378
40602
21581
2308
35337
62254
44701
27258
50166
3448
8182
35693
19090
48801
44240
56352
54047
20232
6125
30058
56071
52251
22613
26543
65522
13924
61460
56673
18045
14905
22676
28839
4783
24899
59922
60801
9029
5556
19588
19063
41640
27590
3484
58608
60885
17283
42899
143
12011
27538
27573
51222
36552
41520
24479
32145
60435
30327
36546
29719
23467
60499
13505
40540
57207
53976
39620
28907
11231
14108
11045
37914
24069
56222
42177
45335
17985
36760
23007
58124
46854
27992
27585
738
12554
13637
19881
41144
38581
8804
7082
47991
12922
7782
31922
61696
14704
5476
45496
34935
4236
56919
56173
28209
1973
10042
17272
42281
27740
14069
35130
18181
8729
53169
65426
20028
29249
663
50622
23605
33545
58011
6792
45513
40048
7875
20
49225
45259
50792
20009
65337
50504
34772
14026
12571
2573
47095
38858
56033
44706
54894
49620
4294
58158
37968
48315
63007
38315
181
4212
16269
724
42660
58849
15995
43083
63875
42413
16701
13867
16640
3075
3601
48396
50927
36021
54321
11736
58567
48247
20090
40540
4809
6006
55002
14128
2941
2678
29742
52880
23213
64410
23857
31362
54591
20761
29193
4496
34060
14610
28959
24063
20060
55732
26764
27597
64441
64404
13639
64639
17046
13117
27362
27576
57968
54222
62159
36206
10303
55419
45291
12185
50971
23212
11604
19832
40599
37948
35934
22674
62879
56686
23537
51656
33336
37349
3822
17344
9006
53458
19792
37754
34785
35803
38054
48140
20891
61551
13866
34866
4997
53343
42655
19403
29141
39704
62097
21166
45598
59485
7951
12860
47248
40272
10263
27587
55795
54229
16647
62499
48255
39050
57511
5468
11240
7627
53397
46725
16394
35187
53887
47777
61036
47704
60780
38699
13348
28204
29847
11553
14032
53925
14517
56750
1122
28961
24148
65153
36188
61161
49411
34593
19103
13126
1639
63072
34595
52638
46183
38457
44858
15906
40677
10851
32637
37732
39099
34003
6852
9484
42488
42512
44972
6347
51987
155
39193
27322
48780
13497
65473
21345
49037
24493
40433
63050
18643
17203
43653
50928
24581
61532
4066
32017
17221
52842
21887
52194
28508
39821
53981
62147
14625
24631
22161
28528
40571
7304
24889
20127
18485
51515
6340
43381
9348
64761
45966
54060
57484
45857
45242
27601
27458
64330
6913
32410
46003
29580
47732
37199
24202
61328
31575
36972
21489
18744
35026
59755
3163
19196
31859
16295
9435
21825
56319
54996
11018
6516
6124
26679
7897
27157
5424
53077
4440
56380
63404
37406
28415
13906
13172
27688
51429
55915
37904
21688
11278
634
36831
336
51766
49786
29217
63613
54415
41142
18393
26623
913
8359
54714
26808
50628
45022
13654
31682
48873
36396
60064
17157
45412
44103
1880
2817
47657
8014
11889
45928
9360
22017
51500
41856
46545
10631
63639
3240
13961
54758
11348
63896
25196
20889
37484
56495
32078
13006
42287
2550
31617
8705
13199
21680
29890
9409
21269
13782
38369
59685
13166
60293
61076
62739
9318
7805
48859
19583
19565
6915
53123
59411
24404
42465
10025
22501
29094
4550
33569
3272
26457
46990
27391
34753
11302
51695
64064
50504
63186
34433
64298
9217
44061
41263
54300
10234
11603
62784
44734
32762
60577
21167
17275
45128
61952
61080
5236
35563
53177
60783
24445
40182
56507
62218
54108
7800
35024
32775
18784
519
4227
26946
23124
10278
17954
7087
60540
53530
57595
7561
58492
20348
24986
19167
5523
61979
4114
8057
19173
8428
12802
13799
55804
50435
45105
3766
12661
13817
19467
60514
46061
6614
51443
32229
47741
38197
42722
49536
4535
23362
17801
51052
8059
12369
12061
39731
40571
56397
58407
15559
4556
57787
62919
42815
27097
22764
22008
58257
11176
61587
34946
58447
36936
47650
49763
59256
9407
60263
56450
58652
21366
54417
64555
55311
64202
42538
4223
56357
1451
41139
47939
12512
13829
49106
8598
57281
53630
3958
55140
13224
36240
22083
59040
42373
38610
43036
27054
1222
54472
62510
41419
54376
28800
40707
2077
59269
23026
54552
54023
48114
55177
26831
22720
32541
24941
16197
34447
43255
47494
49922
30893
60933
9839
24484
4342
37054
32796
5168
12382
10937
41345
51499
44741
38558
30706
28690
47727
7337
20664
39034
40800
49933
39151
30790
20506
35982
46194
48343
64567
35598
22136
46312
47868
38821
41269
44415
24346
52035
7808
49081
15069
10880
62217
6855
58763
53801
32962
63374
52816
12348
48197
23554
18396
11062
64676
60420
29887
51840
16183
1130
61543
40578
12550
23447
37956
8975
13268
44972
38861
22050
28159
3784
16908
45754
20832
25915
45483
62465
54416
38903
43882
41423
35750
36837
59848
61237
24921
6558
30546
13732
38402
46824
29178
4455
62065
42848
62263
16385
20657
33970
1883
53062
27664
9760
36940
56533
48386
46131
58112
4964
51093
63490
29347
33874
35672
44867
16789
52198
43249
27558
39103
8813
34096
21516
35820
54578
63978
64897
28121
33208
58541
33721
56592
59532
58361
64097
47492
55297
9491
4352
13757
62474
59584
45408
61590
65483
31736
37641
51790
62091
6031
54506
12042
11105
64218
30883
61422
55662
61264
36226
41112
28914
59077
15370
23109
47183
49938
63648
39249
35187
25403
23507
59948
15397
41478
55231
43101
285
7541
60896
56599
37543
63756
40091
23820
20382
43628
50828
27153
49356
63804
31577
23662
51768
54743
45720
51154
48042
5601
44117
53666
23639
37795
25248
1085
24450
5891
23446
54570
46781
24223
16511
45759
62023
12272
18514
28340
53414
65223
61664
44682
49093
48311
204
44665
28962
17666
45048
28262
1011
3393
9640
46777
30403
588
42871
15688
22414
37767
64966
3033
7978
20309
54248
17563
35043
1284
18199
51939
26045
5260
64332
43761
41790
35392
9021
54881
3688
46391
14609
5133
29640
13039
39843
56223
50592
25393
5518
37267
52459
46311
26565
34892
57735
19344
43182
14302
27514
48479
4229
3887
40396
51421
19991
48550
18839
2995
30751
17672
30352
35621
5173
1642
20743
16000
27447
28240
42306
38055
36985
61116
62302
40207
7720
40142
49759
61582
64313
4616
59514
22718
15596
29331
23957
18752
61221
55745
37378
24227
23103
65305
64425
16156
12132
61882
62396
19061
8640
32434
6535
42317
57761
3589
55433
45333
10283
15936
1023
54608
41929
54779
51055
61555
7911
5855
49662
58350
49039
41193
63724
51772
24868
11565
31052
7994
6181
56893
13449
853
28309
8243
38151
11880
29007
29728
49534
31963
7349
11099
35045
39788
41489
12736
44823
7013
13505
54409
29838
12048
6326
29969
10393
5173
16939
33638
13724
21410
29777
7912
26272
61440
3566
5083
38822
65512
29921
40837
40333
12937
11645
15071
53025
26760
28162
662
14086
60860
9962
63364
56208
27173
13946
28900
44668
15200
19722
47460
26200
36020
54081
20664
4147
8553
51857
23195
30988
37124
28950
17635
47709
51766
34521
64728
42671
62693
45210
7253
63650
54509
12074
36378
62190
1722
60801
14819
48737
29471
38532
51481
49355
41228
28424
5806
40117
6895
2294
33607
25790
20011
63087
54894
38979
12006
27607
31547
41602
37509
48845
51551
50044
47203
40293
22953
62949
26699
52694
53660
23817
17091
63965
38040
55146
9798
11967
39743
55996
23780
26660
5003
54678
46101
39426
45894
47929
46843
60876
3261
29465
9631
38053
14115
9256
54764
41507
1865
57454
50786
31205
29526
44865
12459
43764
47948
20254
31934
2449
40823
5850
42712
61103
15180
2123
11513
33797
17742
14176
33864
31126
56822
64874
15080
10685
21050
26465
11802
38818
18067
53700
18660
8529
10414
53297
44529
61475
62618
35414
55581
9099
18029
30634
54441
48978
24225
41567
2248
13645
12401
58972
21328
35177
49284
52946
1013
15991
33944
27230
9285
30900
62507
17915
7083
41869
46214
34211
30211
13702
13567
29069
39090
61999
25239
36351
41731
43013
922
25348
61785
52344
26207
58769
52255
35623
23556
55343
5029
65049
5736
4375
55004
18398
8898
64352
6504
26434
45394
54101
48621
3521
27891
18987
42043
15204
44759
880
60563
52277
61857
57130
14255
35244
15114
50922
25592
64851
3085
12306
47151
54994
65399
3253
58813
56203
20266
19069
34960
10835
64504
26804
997
53893
43233
49279
17277
61446
34422
27378
9932
52934
58173
40985
50832
29297
25582
4689
19294
41317
3069
56394
38249
57891
55162
40761
45036
44337
23885
57825
39872
28830
24307
1157
13340
23622
40916
25818
14165
52262
60861
57578
48576
15976
14276
11238
58499
847
53805
17216
36755
17049
30259
32529
29129
19722
272
55833
19740
26340
54249
28653
2628
58244
38411
26618
48915
47065
17769
37706
13607
39351
53910
20061
57697
11560
13872
60451
5948
41301
45182
36400
34530
338
51776
17045
44388
38454
10532
59982
769
47679
592
60509
5153
59041
38529
103
28800
4858
61755
59907
4715
46088
49079
6763
8591
51540
58491
12880
16723
11028
22164
7447
38725
31228
29179
37934
876
20849
11080
65442
49385
10246
46160
51378
16025
59347
5458
50539
42683
35920
37457
33546
56238
18408
12471
59325
2537
60362
62875
13376
63905
8924
50212
32822
11502
43448
21496
34063
61442
27363
40856
57692
52033
64825
37553
5460
48457
22037
21693
9947
59928
47413
57245
65215
7825
61716
43895
26554
60901
42709
33707
55839
51963
40615
5927
9958
29892
24725
47820
27449
31481
44343
7968
8021
55708
39577
750
54659
36002
30225
3051
7331
15423
48436
49594
35947
63371
31232
5216
50018
53838
28789
2836
41506
35853
37371
33629
46939
49369
43861
16946
51460
41561
34303
48419
1390
42298
58463
64384
25998
1115
58567
47552
59888
43427
42502
20496
10662
38381
6726
36106
25513
7422
18391
28900
18056
42608
44608
55945
45761
56878
24529
3158
5625
27151
9309
45757
25342
49504
58677
42920
60457
25980
2075
39473
32224
18815
37639
58523
4137
34165
10915
28617
55731
61829
25435
55454
5300
17501
10955
51969
59332
57322
59893
12046
43770
21897
32338
23952
47315
48056
10860
24374
43262
60159
33479
36467
36609
49283
2721
44110
26681
31454
21458
19601
43619
7793
46479
49021
63885
60177
32959
24765
24049
39634
28492
35544
44483
40263
40328
7568
34328
41148
35892
62673
34173
34513
41011
41079
8370
25750
49606
43788
29069
18341
5340
62673
51600
38684
12491
34625
49134
61248
7716
49331
35830
29319
46074
35645
24725
59394
59944
51756
59746
50743
46060
37241
45011
4386
14192
25758
49979
6000
14375
25218
33968
48198
9799
61522
47099
1363
65331
32400
40052
61382
19596
54379
20135
29491
40467
50871
9308
19468
5084
47474
20886
42599
35921
17892
13408
45550
20008
21334
46281
43323
64144
40670
40277
14643
42804
15871
48861
20966
1012
50006
29995
51733
23168
15003
49624
48441
58096
62246
13237
5105
29878
6061
29526
58944
25980
64914
41461
50945
12882
51943
52478
48659
52577
38785
60976
8118
7165
2338
35311
55549
47187
5473
18564
45660
62472
47448
49669
53281
13761
11061
20585
63272
2236
14514
39819
36938
44102
64770
32002
65217
41840
27774
13685
40428
46148
47410
62400
40354
3408
3928
19379
9639
13728
44433
12463
41148
59314
57394
40025
37871
37763
36176
60867
37994
2146
63131
18013
39624
46470
61944
62418
12337
39150
23603
37076
40683
49393
44350
57878
42512
54328
5915
8155
53642
50734
12004
45661
12012
86
34815
56541
12033
8525
4547
45569
24727
41925
15439
61338
34057
22686
55247
56127
38332
4447
8598
65108
59091
39262
22478
53640
11315
29027
63164
5127
6045
13091
28101
55264
39646
55494
44550
52023
57804
48211
19615
64052
39049
61980
32290
9555
38844
4687
56578
30772
27843
19934
6848
2713
32372
37058
47693
14044
56126
40945
41504
61663
4964
16505
22906
22001
16252
43188
45692
48628
32912
15754
55124
62207
22967
28954
55334
13743
63114
57070
19476
3764
33486
21474
27013
39532
43103
25987
51895
19648
61787
42710
48618
32890
48342
39738
28690
22748
7221
63648
15850
21744
59784
42587
5412
26111
31823
54744
57691
7099
1577
57127
35998
49948
60797
41268
45208
30973
59362
58106
23022
47055
11616
543
29197
20531
36678
55679
46742
26336
13776
53244
28252
61122
32739
19818
54520
53890
5036
10062
2747
5431
39325
5494
19364
28620
17001
40550
48917
32464
44061
7555
22552
32484
49874
57111
56772
60403
17288
49970
27182
8093
44531
16881
60908
43520
3778
37238
2893
3231
55676
47046
21630
30917
3382
12250
64340
27140
14454
9904
2786
43674
48626
45877
51311
534
11100
45954
50239
42508
25277
61848
61047
13739
1369
63398
30349
60302
33939
28394
46146
43121
30198
3167
56238
59821
17991
16758
28803
18142
9088
32196
1984
47278
26488
44294
19159
16425
58718
40421
32139
37521
44423
60300
48994
33200
54862
65445
52290
48391
47561
22809
25309
5794
17286
24269
33322
46280
5635
8728
43490
34817
64365
28366
43097
45183
11423
23319
20857
64998
38108
155
26722
44898
47044
40843
64587
11950
47124
24038
30118
33515
50693
33228
5465
37530
12652
15930
34709
9132
57793
48473
9981
39465
12706
38049
30062
5997
60678
57005
44958
51803
29427
2576
45337
45958
5619
55279
9950
30994
49914
31261
38304
30569
16047
57094
14831
45862
42402
5751
4776
33037
10965
40944
42824
6026
15236
22140
29888
1614
7490
35009
43532
44482
56447
21890
58139
15630
16247
49741
24560
26683
19036
62884
26531
3112
41696
60807
784
28806
41727
19816
10150
20906
11708
10255
61960
48414
32721
54549
41236
37825
41167
60334
16240
41127
38438
17032
64791
45063
6826
45034
21059
46170
39532
31795
49169
65148
806
15234
30126
2158
17613
65312
7977
9839
3483
56961
1957
61885
15323
49769
52952
23625
39272
50228
43341
29635
4229
22707
43515
56823
8567
7055
58604
24614
3605
56091
49654
60587
3417
55647
62906
64946
9053
58430
3559
15518
44625
3637
59684
18153
20314
21907
52700
52356
9137
59432
62193
47275
47912
60395
23995
9553
25538
20255
33207
24629
4183
26015
1494
19923
48222
45964
65410
39239
1320
17695
28477
20895
38605
23879
11729
6903
12088
57736
30818
21131
57792
9821
62362
8668
41843
11762
54913
9610
22937
37816
36999
40671
32443
15223
35121
31025
46846
65173
14270
6270
52188
44661
25794
34372
23746
58491
54815
4314
29209
52445
36860
64312
10582
63268
58681
49078
10671
45785
39211
17042
33262
12259
50211
21399
25857
65513
2602
48344
39047
21186
23557
50318
25642
2288
9680
56588
51447
31066
1672
44843
8447
34670
17973
47367
55581
35203
27150
525
3751
59016
10249
63899
24011
65106
37180
55913
24707
1608
65338
5583
52708
35042
10017
41250
714
48553
29167
44047
42327
57281
14575
26291
15609
6373
4402
12425
214
37464
14868
53263
1548
39424
43131
43231
49201
38381
5277
54359
24835
39781
15880
46685
60626
2724
13268
37673
62859
404
357
16728
37691
35778
21913
62106
6618
3687
41278
53017
22313
19488
47268
60780
56402
38552
18004
14344
43676
56389
39674
31810
19045
16342
29878
35271
64734
6840
63869
43506
25511
58991
32919
14816
60712
46707
31855
55261
29373
43584
54016
35274
25341
32782
13693
35013
55587
57577
62370
13894
32093
21737
7085
32860
33589
22364
18141
35088
44226
57439
30636
34272
46468
27256
41726
51470
38521
7429
45903
24581
64077
21145
45675
8748
65433
48255
10781
40619
56904
9348
356
58182
46023
25097
62510
36987
39952
34011
52455
39739
19556
21811
42029
64856
50554
37007
56564
49482
11158
55293
11895
65399
61043
33679
40433
59051
38951
57119
86
15386
37288
50966
9851
32572
59126
35133
15049
34119
11948
11882
9545
674
51716
925
56276
14459
35179
12425
9312
42995
45538
35363
45188
8796
64721
8237
36393
59884
5743
15892
34937
28015
24863
28405
27924
40286
50183
49233
7288
37925
40859
37682
49016
56633
4716
57591
18368
7958
63388
46596
5460
62911
24859
53764
18078
24289
41624
39326
44704
58397
49105
39789
3528
33724
25196
40562
25081
24407
24780
33249
28120
10162
51318
58653
8488
65497
62965
18555
6003
20407
33227
27384
11002
50218
8099
3835
24281
16044
65344
61811
29760
63117
36334
17916
26964
19501
43445
20432
57355
34302
1630
50316
44145
42561
16614
44806
27014
42259
10027
32954
64114
8368
23140
3950
35930
61159
22863
63852
46404
44408
18076
47494
43042
34541
62964
11456
64355
16827
46324
51148
16758
22273
1557
32886
25606
19890
13975
15157
41079
59134
28715
11079
31027
64065
5141
36252
6073
60980
6672
62828
22781
41382
14377
29301
24529
51871
44744
41544
52763
29396
36656
49479
54033
62275
21301
298
48528
62506
6601
51306
32355
42454
58394
18716
26097
47361
22204
22666
15313
39322
8901
41810
51303
10212
38668
48167
17421
39369
30365
26556
2031
5947
48517
50404
26474
20299
19769
22645
38399
12961
3718
44232
1459
33522
52119
22251
57406
2769
45495
45458
33678
42136
25938
16302
47935
39075
20706
35476
11006
64802
34364
26488
2837
14613
10386
26707
27492
44948
60466
46679
42583
64426
1657
30788
49638
15780
4809
35798
52287
26847
16336
23276
2191
1581
27077
6343
3326
18144
50105
9278
37874
13577
49822
13055
52368
39874
63023
43476
32120
16866
11391
11847
14513
61477
57573
50494
15900
45564
16627
64648
19678
29038
29737
31885
4704
55632
36423
58542
53289
50290
2191
32184
49273
34180
37470
27660
17469
35880
55945
21763
38088
48158
17995
56746
33298
25757
30397
41863
25025
44026
13411
12307
7785
43558
57865
11701
39508
62613
61856
21257
5249
22067
259
56135
60796
5968
39511
52103
1362
23639
14264
48592
61132
30439
43820
8001
61323
34838
60246
11164
25909
51787
12162
41863
46467
61188
4579
15650
46726
20691
23924
47094
53993
37409
50339
57155
15684
51216
23970
16095
11688
42218
54597
64894
19095
61481
13947
11542
49662
64394
24980
55035
48268
47136
39813
63275
8809
12720
53852
58894
8645
53560
10997
412
62330
35750
27385
59584
32768
5307
59552
51658
60017
10827
52863
32332
41249
43491
15586
53895
50381
59120
48363
42525
58243
13488
42878
60809
36139
1431
65216
60167
12502
53754
14216
56362
50872
55118
53139
57705
18556
58457
45573
25306
59180
22433
33338
62534
36210
25804
19984
50180
61407
29717
21564
56390
34016
58528
4934
1128
46382
14732
45421
9906
46002
18245
22864
18409
56098
18439
5717
61926
34859
32775
2794
49157
39766
28357
26991
50597
17277
9950
62784
26629
55166
40866
46408
2959
21121
34374
14168
35215
21861
24892
2142
60055
10197
2370
20654
62949
63569
56451
40362
32022
33771
17371
41628
41062
8802
37395
59938
8701
10757
33812
21939
10928
21612
13506
3614
54604
58165
45007
59579
9911
3153
62409
44374
34221
62268
22611
62467
35208
57571
42751
6296
38200
28175
6247
17178
50005
50860
48545
19191
7565
27519
58257
1303
61346
11027
1064
41578
1188
42676
44142
33024
37567
17496
8741
2345
34141
26783
12903
53553
13008
19904
4398
46876
27661
62540
33843
30398
57032
34980
49342
51964
55540
37862
47217
37502
53091
53853
44522
34719
53505
28402
60199
21699
47362
14087
8213
16456
47908
14064
64124
13659
51104
57151
63574
26538
34449
20706
2697
47171
29606
31759
33877
64380
2475
39204
14502
9607
30737
10688
56853
21868
38271
31696
60572
4951
4599
9562
62475
48176
25858
40981
50342
26204
13652
3548
55897
49448
33684
17436
26780
43594
52899
26451
45703
51080
16407
42519
55032
20319
28044
21331
27877
51763
64436
36060
57156
4383
41564
9186
9269
30071
31586
27446
21901
25752
1984
33757
26090
20559
64286
3197
64461
38078
50544
999
48616
56232
23594
15815
61386
3157
42100
53843
32012
18146
18070
59564
20014
18793
16999
53962
18883
34163
7178
63460
35858
18204
62603
4629
49899
18141
65016
53818
26249
8674
42372
40493
50863
41727
40052
23940
47970
5510
42620
9008
20852
43074
25825
41846
57655
2588
21570
42238
17065
34359
55404
44948
47765
23282
3685
25332
17296
50982
973
32167
20823
11929
21368
49174
56379
33603
25242
2481
55880
46091
64476
53915
49829
52201
57655
23398
64263
39696
61888
60522
53885
64061
58005
48704
48181
60570
15433
60048
58854
9061
18511
2663
62722
2013
4321
23589
51274
19704
17103
18992
1697
40424
10008
22166
25442
57559
742
56841
18926
31329
53181
59601
47406
939
45808
28178
50339
22656
62881
22463
5191
26084
65318
27615
35053
6020
22625
17704
32292
15020
27562
30009
12160
23977
31255
10352
27654
46634
12636
38982
13243
19466
25197
11618
24620
54470
23368
27722
28651
41199
12532
56317
37220
24991
53419
53696
37786
38379
58344
4191
41076
49205
63343
36343
52384
11012
56810
63247
20396
3286
6907
8538
32773
63146
31211
9317
40524
44614
19820
40421
4057
9485
15936
57305
37692
10935
46155
53654
28290
43854
24258
44002
2722
19654
1411
42025
57180
48310
19755
31228
52094
48712
22158
33933
20027
24504
29385
15589
6640
26291
48375
59234
49050
61411
14752
18087
41099
3175
1451
63317
43832
6674
16226
39102
55949
26211
52212
44528
38681
44334
17162
60024
40667
32553
19926
53001
59552
46959
541
3106
36572
1862
21897
25422
24563
56174
7725
55956
53147
34558
41841
19698
17582
52979
30643
16982
20850
43096
8207
20469
8799
1474
27
48676
9427
7828
55521
47002
30407
26079
57492
7807
22631
45713
36819
50939
34638
17043
17948
19147
65069
22169
3404
12068
59941
47843
22136
28807
16672
12911
11371
5723
28156
64397
42377
45563
889
41581
12917
46201
5587
5374
43254
21975
9760
14853
30089
48902
56967
6027
61698
35543
60545
9425
65474
64994
52605
61983
11587
21562
30784
1484
22176
24596
46195
38298
44064
12583
13294
37122
24672
55917
5186
41986
42475
46721
1590
6170
16620
63474
21075
56022
25703
6989
55421
1672
64772
65468
50551
40450
6520
18832
47758
5509
4938
26902
43897
17801
28592
50262
27001
65311
46189
48679
41765
60729
15363
61028
9114
46853
38696
13125
15823
33367
55961
10965
36462
27036
22729
57668
21985
54454
26107
46411
38960
54234
4353
56241
12024
21536
29021
12686
12498
48210
46502
59216
44490
6732
34486
2264
17887
34075
22418
14099
55391
51888
5790
30439
18769
59116
13836
30534
25849
31366
10556
25515
4642
35226
48561
25395
62416
63926
48441
38699
22545
57369
6250
48633
44368
12286
45244
42311
29565
63574
47588
16840
19645
64185
5058
5441
15836
20927
6905
59689
2461
64806
61815
4791
28845
65401
48890
46020
54997
52482
37597
62278
55009
62354
25719
59588
19806
22913
11375
20325
18349
47264
47997
62482
24784
16049
44489
56862
38051
4919
4772
847
41949
37204
39105
58756
28521
60915
53607
18869
16265
31392
18482
33284
56273
21255
63106
44011
15233
21649
52762
39656
2325
53271
64264
32455
56060
33176
11783
4090
55335
13634
49342
43320
28707
58944
46555
22155
64627
15784
33520
57961
48505
36841
3431
8390
47209
7049
60664
34508
58791
8085
17583
13849
46147
44684
50190
45081
19845
37955
52114
45606
22019
14566
15089
39722
48982
23498
18029
62004
45699
9160
18276
48203
40915
48740
8349
51678
64707
34363
12977
26776
9453
42700
37263
12455
2645
39891
9375
13668
6389
47857
64374
50226
45554
30644
31559
34026
13849
3907
5672
41075
65431
20532
20521
13153
3795
30736
20912
41784
39075
28256
11045
23258
33957
36675
2880
19587
30788
9889
14742
41257
27135
12009
13982
162
55063
14517
27452
1701
17366
5795
31763
57240
1389
14458
53443
114
37098
23214
28454
44720
9650
52943
7339
45920
43576
38548
36908
58444
49485
48691
6135
41459
6076
5653
36421
51904
7685
41059
35622
4130
44309
56155
54002
47647
29487
36750
59010
13361
39894
62226
25215
17563
22391
64058
9539
31447
65092
28426
4643
58568
2225
61605
65132
39482
31589
56560
46127
63847
10217
44901
23866
1632
47453
25782
35104
20455
7617
42360
43287
49867
55322
13865
2665
15028
54622
51253
14851
46253
28586
64842
41237
61410
10467
3342
51460
11443
26546
62359
39971
47373
10142
11500
11464
27022
55641
46696
23106
32783
16295
9154
49586
15818
25668
46731
60807
26136
24037
11938
12050
48606
11959
38102
58450
64079
52536
44347
34577
60760
41351
55776
50421
31540
57021
2606
56274
569
3339
47754
41882
16745
6005
18911
54337
55234
20530
54184
45415
34016
27588
13798
50339
13462
51736
25141
13292
20245
44436
5772
5364
9436
45227
8150
28891
10309
38272
62084
22669
4192
79
33670
42195
31446
1397
20149
13557
54798
18885
13689
28244
6981
58987
48902
9482
24957
17981
12410
18927
62638
17376
53016
8725
57204
35049
17901
42132
12209
50425
20394
35667
59711
43577
47857
58908
53178
27545
26685
3402
4511
9872
50614
3650
29287
25543
60090
1844
41227
31341
38079
55244
6768
7655
29934
61030
46351
5303
58058
43293
2822
58504
44406
41678
28628
183
63173
21551
30400
2282
50737
64069
60545
56458
53133
61643
26411
42398
52065
12661
583
28852
26124
7709
18627
54289
37294
5264
6552
56258
47685
55101
35206
16472
16686
25397
59085
13457
4227
27996
25140
47412
1554
2862
35498
26848
34969
14984
22620
60383
56996
2058
37041
235
15347
36832
4048
53255
55937
28268
5019
26414
65415
8632
35006
8427
29649
60757
3326
51371
19191
13064
37445
7929
14612
32828
38067
25486
64863
63091
3347
52805
14630
4408
52113
34028
45547
15477
12731
37174
10696
57042
45968
9194
50928
38613
36950
38697
23432
1262
58226
18459
9547
56529
63905
45276
5719
4864
22105
5420
13772
44310
50237
19003
46724
40096
63258
4568
58001
58811
32527
42505
20832
8678
4716
57406
20090
21024
62498
25730
2280
44410
65069
24549
26948
30462
21547
14238
35064
23918
52192
34274
25627
51278
36726
5366
17242
26154
61601
51527
13442
35228
50825
38198
65209
14193
7748
60195
9338
25755
59600
17884
37261
54215
2797
15994
47747
26533
31398
30516
47580
8340
34479
17336
50177
41938
34986
32490
21848
25355
52529
46237
20132
54828
24051
7803
16446
33369
49353
9107
3298
33985
64200
31259
27240
52267
47046
6021
21262
30731
58114
3363
24067
1278
65095
41914
59374
42247
32767
30540
9324
6084
5964
57115
44622
30798
25382
53223
6299
15840
18539
20916
37370
47456
11427
54311
29329
50442
29940
1887
36151
5165
42720
30806
55388
4551
37072
34586
43065
33384
9757
20928
44121
39584
50658
23074
9677
19861
30705
21939
26693
34735
1382
48671
58681
60065
16225
7188
26429
49306
41875
19019
50779
10700
23405
49542
61525
49327
14157
10779
56839
6943
18766
61222
5840
51452
24018
46733
62803
49075
36795
1889
51476
46577
41686
7535
18089
31784
8302
50900
58810
237
12914
37985
64711
9403
62588
61393
26088
52430
24535
6037
60180
55455
29169
49897
38417
17049
34362
10719
36864
1083
6123
22615
21302
17045
26720
35995
2071
52259
46262
45152
2765
18256
49131
43356
423
61562
5930
51627
14683
32890
13706
19550
55748
39544
56945
32698
11616
29761
22854
32215
45004
32019
2454
37225
35289
10309
44813
33571
49697
54926
37321
6678
25919
63752
10388
16241
30225
12742
18707
58437
48404
38427
15647
53939
64979
58712
19434
12214
64316
7801
43466
57433
39161
30007
8722
7354
17978
32352
30247
47914
52269
20942
7316
1435
32009
61577
10247
36228
30030
16480
12352
41855
33398
63973
6457
21233
41588
49007
1189
8880
35383
38401
64408
29955
12378
36421
20228
38210
28797
11966
2256
40907
1572
53653
38939
5698
19303
134
11880
38257
14143
598
28287
2138
1711
65333
44575
32197
57347
12123
27581
43545
58825
58131
20093
64720
40402
53040
27953
38736
22806
20435
28521
38561
30184
20033
65468
36611
25310
6526
39726
58939
27112
63732
16398
8940
63616
57134
13123
55497
46963
6276
1916
44108
15105
44415
42519
11210
42541
7779
19735
40852
65188
8759
63639
49865
48125
35868
65116
20030
24056
34501
58339
16940
9347
7574
15181
62303
6222
27918
51651
45347
34329
27689
41031
31034
30720
22197
22513
22256
38617
26646
16873
51294
44977
10374
28001
8251
869
65389
1222
40024
14309
19759
54265
188
21937
17078
2911
10556
25310
594
29489
55889
65044
3351
17414
11900
42282
60634
55838
15368
26228
3423
23716
62465
15807
61114
11485
5955
45004
48866
34116
60321
46125
37975
17166
7198
8583
64982
47561
11697
22006
816
7706
17194
19910
34125
39348
2028
34132
54822
54529
9327
9667
7435
59852
33449
2930
21610
50163
5004
3720
28194
45865
30995
35725
53197
41200
30246
65481
2710
58789
54991
26060
9149
33306
12636
60287
53926
65510
33001
15168
1872
13205
65216
34343
57101
54310
9726
33969
37618
25826
63491
64301
5428
31173
1896
22385
58392
10911
29134
29182
57179
30074
65297
48594
14330
22899
9117
35078
63699
63797
6772
4398
46144
12443
12037
58559
5681
13990
12631
45754
56525
24943
52949
54204
12441
53639
62837
60431
331
9976
16573
42219
56257
57882
39189
51918
46467
33276
16950
18719
33703
54527
20425
21603
7544
33798
24115
8149
52717
22000
9047
35479
42719
59274
2317
5926
44225
25519
24400
4898
22964
25734
12282
42783
53266
30327
54313
7146
63706
34626
48739
11544
8410
27788
30026
12005
52609
10811
45609
37073
12073
31615
23569
27367
19151
56441
11286
812
34953
55569
3926
12641
22097
55215
59174
29913
11489
46148
24110
18200
3986
31231
3605
58469
53782
35297
44483
25973
27060
15884
10720
33932
52329
43459
43823
59792
7181
4379
56351
50981
45741
13881
34
47710
48638
4938
56717
30738
31130
33447
19550
56558
48976
44369
9117
7784
35695
62709
61201
52400
61799
14208
15582
60983
5301
52800
10519
32853
34334
6349
62940
16496
17308
43243
48677
55021
13200
9129
57980
41462
54657
9950
6211
25002
39901
50029
3719
62901
31286
47041
64228
34369
40083
59187
57776
61260
18039
32514
63436
27008
26498
28173
36335
24209
43704
51392
1986
30411
557
53548
705
31527
14988
58577
21717
47715
9285
1512
1135
61313
13290
61338
57010
33911
47281
23513
6390
24033
20819
36662
56149
24918
9429
55636
1860
43493
17073
26013
34602
64859
58205
25944
61192
46496
29554
18189
37524
58311
43781
59169
49781
23549
57391
7473
9212
6894
64354
62882
3514
32675
36518
40241
8861
53586
6903
54075
42102
6870
44943
627
62086
3801
12352
49990
43744
33935
27576
4011
44694
34242
51167
59588
42401
17085
52610
13613
34878
27834
30788
24077
64494
40428
55055
56007
17306
43814
46485
62623
8556
21602
50193
34797
20282
16854
31657
25912
32394
7040
12351
32334
25535
8826
17468
10717
63331
26576
7721
17253
2151
60750
46548
36919
37015
59585
1278
11176
13182
22736
25274
19459
6527
55242
10586
62184
17224
49661
56096
172
46859
48959
44396
24782
45054
53020
55962
1649
43003
38110
42814
43760
6225
19883
24195
7638
51321
63124
16619
24351
17058
33732
23027
23274
3010
20847
61592
4544
29852
59292
8529
16546
38170
23975
58443
46639
56573
40219
29380
7810
9226
13294
43806
485
28724
38807
19154
1443
60301
32323
15187
55929
4472
13296
60526
51044
51803
7111
49526
6505
1243
167
20472
37437
64427
51874
58234
60148
49214
61188
218
45035
47103
15892
31298
62389
61272
50367
11092
1096
4042
4179
21756
42491
22063
28403
58880
45898
48491
35115
10608
48192
6002
19061
40896
53848
18380
27041
52626
2564
61226
314
47976
1168
4907
39855
27306
48150
12818
30269
30122
44473
13791
58600
43183
54656
52187
40320
64172
33273
13876
47329
6446
54299
13773
21242
51549
14785
2094
50927
56496
41401
14303
370
53464
16955
10364
63506
778
49192
35900
25696
56426
36146
13790
53452
5003
43397
32968
19777
4212
15960
35190
44047
31233
15385
15285
23456
48155
58181
51019
14832
60837
3363
47527
50862
55789
8741
31353
52258
49485
45422
3337
38388
9121
3728
30698
7734
55467
56547
47543
1662
22903
24542
58556
10440
14369
29324
18353
8570
62824
50879
47772
37104
49921
18605
38044
39628
28771
39897
48271
34694
8554
46384
8092
17864
11538
25315
5313
50524
59651
10383
15173
10758
43671
14977
40223
15375
26203
216
64193
26002
30255
4237
14671
41136
20859
63224
60087
57874
13784
51623
50810
12479
7566
22810
56131
64309
45013
24288
36678
9102
63008
61933
47709
13557
46523
13765
61930
56635
27796
4211
30314
35304
1386
27313
16134
35551
33190
65237
22666
58843
46677
37137
39067
64012
12845
53371
3614
15599
62063
55271
52887
64967
12175
23820
63776
41914
1213
49028
20149
49055
7
62540
41717
35599
3969
51485
62030
61046
64777
49998
65419
12319
8346
27275
54218
63594
58402
25805
36620
18745
27562
22473
35337
51677
13025
3897
6143
8260
25209
61990
45177
25972
64093
45657
37407
27919
9461
43712
40527
34466
12023
9387
33154
8348
64587
4028
29653
64583
51184
14098
63126
15703
36845
30650
48707
3667
8209
45302
63367
41588
18836
10525
38838
18591
13463
14399
23471
59056
4341
60205
2725
23477
11580
20891
55143
49844
39612
35529
53536
16524
35060
30059
34481
20882
20589
50794
1686
45336
16950
10154
58061
13388
43653
2242
62868
38001
59562
43836
59702
58814
26207
7228
37498
39199
54303
9221
8284
9472
12128
51140
37779
18875
24640
44137
64848
40523
56763
50791
48006
51787
40631
17180
6241
5790
56063
60019
7685
52921
62604
14678
61442
31228
46212
37358
8293
41609
60720
5373
30536
9899
20887
43905
29030
17427
35965
54506
30432
45617
7515
33692
28878
564
51115
63387
26141
3028
7046
38127
35688
56694
57692
22590
61189
6777
5928
22954
23667
61073
11350
26945
33466
27321
13549
26046
49238
20162
18280
30345
37625
11488
54759
61257
27703
26044
12551
56754
37018
27352
33097
44366
16801
38610
26906
45273
48567
41974
22077
33083
51476
11214
10497
62758
5491
39371
10780
17631
23063
30170
49821
11099
10051
17530
38242
26026
19516
50638
27948
64757
19142
60090
64533
3022
12460
47062
61260
34371
16213
2385
7956
23366
40042
15206
61312
64194
20392
32686
31587
19448
2515
38760
8254
20544
53647
57567
56098
4795
48250
31639
54792
39754
44056
5978
10814
33621
24341
56207
62080
18350
1665
55493
30095
56887
11566
47842
31493
43061
2205
55393
11365
7911
9532
5826
33646
41547
4766
39865
41116
16346
48763
63089
40441
35185
24200
16313
63172
17708
58353
18763
49359
5198
10547
37192
54211
27345
62618
46225
51677
20014
41021
47335
32240
24925
17609
58950
53677
9069
3887
43904
39351
39454
14171
16848
32030
37491
52752
10119
41228
37609
19901
6109
53893
27656
33905
50190
61316
18916
30076
20178
24894
22097
63950
39342
56195
26512
37119
12292
46733
57909
18246
61255
23791
33820
32543
26621
14437
63119
63474
46982
21223
16523
27189
55930
29802
1007
41787
36281
16255
64672
17084
1206
29499
9105
47300
27576
3415
65223
22498
21752
53371
3531
50472
3746
10405
877
59444
23952
36247
32755
6825
61861
6784
53868
41702
23706
26132
46940
27063
7850
19149
24614
35059
38873
56436
38347
50124
32587
59822
30519
6275
28735
23286
11580
10867
18330
7126
55456
38190
20932
43409
58559
53430
42862
11746
59599
1017
16601
26133
5551
49264
50429
40333
43342
23533
610
60938
57043
15055
51033
29498
37927
7300
2421
46980
17441
287
40806
60490
17160
27912
46103
30750
1625
14679
23381
40432
3101
52660
7964
48205
15611
24116
45078
3815
29247
60460
38555
3124
20888
10135
17066
52451
35089
60042
20084
3093
7556
61021
48420
13332
40216
21042
39354
27461
34408
36257
6991
25551
14987
3273
58902
34813
28655
24623
27732
55558
31256
32334
9283
52466
5711
36004
32484
15677
47916
10737
9157
55085
61505
49145
34960
9886
29156
37266
41892
39772
54523
6491
52680
4803
61991
25210
29912
36274
31573
19390
5104
26309
19198
7716
28984
17115
57168
36495
60490
54078
1095
51885
6241
53305
57821
2343
60994
28432
60734
25995
23674
12148
9108
37180
3724
19703
50858
36042
59603
14027
35979
7721
10440
24598
49147
60166
34038
46431
55211
41449
1528
8919
55470
2462
53104
50510
28604
29420
51477
23516
2165
33196
40785
29829
16541
58359
27676
16561
62744
47443
63268
37881
13345
2030
31472
4871
21291
1957
12594
6964
47914
26366
32185
52326
28218
6037
38981
44394
57137
59462
20490
25112
20450
55694
11546
6791
35289
65242
9805
5573
4969
44538
63050
44732
44104
16472
38569
27165
16124
286
28335
58201
19178
12546
30106
2661
20867
24491
34142
64148
8904
57951
31951
33868
54490
18266
27316
55031
20021
54877
61733
57467
62466
14883
61774
64912
17352
27163
38421
28183
1821
18796
16068
12817
8531
30955
52454
51668
12768
31315
9347
2055
30904
3523
24133
30502
33674
24513
39646
22462
32455
2667
31163
51727
215
58251
14338
59138
45611
11534
11418
36538
34377
50694
34448
43547
38072
18970
12713
19834
11342
53179
28338
25509
17109
48282
15490
59720
14971
8309
32693
26099
51774
14501
45148
51581
4869
21437
47988
49904
25171
32115
7148
38297
45045
7864
13628
19244
49602
2709
38623
20404
45342
4159
7330
26153
36638
43968
2929
22930
47634
33488
12526
63405
38903
44816
7826
5386
2845
47241
18177
21554
61987
45307
59417
56685
41055
57351
5100
58643
64009
32640
8284
58738
30526
47172
39814
10064
33325
41965
48047
64595
3115
40160
50493
11059
6531
54683
34949
46805
58901
44429
25855
23069
177
5145
43649
15533
23888
35579
48193
7983
62417
30721
26932
52325
28651
11322
51902
38709
62459
410
41699
62189
14504
11081
62413
7408
40935
2947
52724
33099
6974
54351
48317
16889
16644
39352
27152
8413
16466
44174
58697
29367
7525
645
53474
9434
14836
41152
18791
1610
4988
35933
9767
56237
16820
46485
28224
61724
49286
31857
63670
63762
48298
24257
7779
58433
22254
10491
29334
54645
23469
28223
60428
47848
64392
47704
9750
15134
12360
1366
63088
30314
21854
36845
64814
37030
40560
32642
18273
49065
58276
30977
51803
59360
12406
39136
41618
25067
36344
55642
23755
24453
15259
25554
13067
13540
42798
32292
6141
42942
33814
15569
5748
48570
39496
34857
63520
58779
41887
34750
61364
64711
42649
54443
64425
2991
60260
65004
53816
38659
34084
5287
15900
17069
20414
31023
54108
58960
20257
35432
45614
19485
65132
59865
18219
32318
60913
62454
14845
60109
30863
35662
17013
27107
43408
58276
47473
4895
31977
51588
62705
25916
8082
23731
43201
29450
62368
5669
49290
63779
5482
1630
20461
53300
28842
57570
40462
3778
923
21046
7156
33658
52988
33106
33549
2329
45283
44962
8839
40546
44234
31855
59038
1810
21620
10509
24529
35415
15628
4640
36025
44947
31723
43545
54397
45753
13570
28521
61247
20261
31827
28393
23208
10878
59505
58276
15910
8172
55242
39202
33331
16920
34310
34533
50761
40022
41286
64117
32723
59804
55486
61328
49925
44301
23655
21864
60715
12756
12092
56975
22523
32101
27529
3918
63282
3263
58620
48452
50138
30545
37156
64191
23794
34966
60763
46913
31365
35636
61381
25927
23134
27489
18273
7502
14755
65273
23276
15455
19638
57540
13281
63799
33722
25383
3186
32448
6646
17928
32088
31777
40692
13518
54746
8114
15419
48664
61054
6689
3661
41326
42648
42968
17799
9017
60900
12859
21079
61721
44649
15688
4567
14840
5158
9888
62861
52523
52398
7184
13136
65300
27532
31102
5899
64154
28412
8985
33940
18496
39256
30853
3552
44054
36316
24165
58987
2623
56633
34890
14223
51864
10368
4026
45535
64449
33063
6136
21343
1759
51343
58338
9547
52329
14645
32348
47520
55828
4556
18491
34300
16265
24949
30945
55686
18082
63205
61175
1464
26660
46036
11656
26239
44445
42184
18395
3177
34225
31666
12391
30646
42214
9285
34576
41402
38143
52886
15609
54035
58355
445
31849
43740
43153
42048
7134
57123
77
51591
16007
14058
43988
41346
47890
48625
54481
21843
36067
18065
53232
48566
44748
47246
12550
3162
2922
6331
16929
37296
37788
56472
38379
20322
18223
59472
29600
33182
48521
31310
19671
55491
3295
43584
13675
61078
21533
18688
39075
9325
60004
35670
48541
43838
42127
47983
39347
52384
58493
41458
13838
7698
51302
49210
46405
56110
29816
35986
49174
17039
65232
1597
51836
20832
36578
28815
22590
58662
60512
40021
42435
18837
8455
6156
30033
12740
57916
6426
49862
21126
31683
52350
23142
41572
41222
43824
40620
22248
3527
16313
12265
3985
3996
30854
48604
31278
15044
15309
22953
46110
8392
29130
35929
25020
49318
3973
35567
6439
33324
39609
63622
28182
33011
471
32783
62910
27305
27437
64202
64318
5295
36437
13090
49389
50131
23554
49819
30338
58589
18146
8850
36795
36798
6365
55787
44291
18191
65120
27677
49727
32267
41213
14791
31757
52323
62439
31310
5768
25414
54805
39616
49640
59811
60944
49421
3087
2657
27402
35977
2381
41223
49749
55920
58933
44888
9836
13556
25116
53043
2206
20599
43902
42803
39741
13435
15959
6937
30074
63008
49833
44217
9199
17011
6125
28334
25712
11493
12407
1797
40906
18656
6752
21168
62055
20150
3318
59959
57999
11144
47186
2764
35254
19254
63324
41693
28247
4510
27442
44065
36722
8982
29459
40768
16722
36884
29193
54630
49673
24231
65202
12745
5319
58046
6407
62679
9915
22078
32725
5596
31114
29058
57026
39041
20510
30026
23283
54132
44783
31071
51819
62112
63449
25022
59095
16188
29611
10784
55897
41801
54922
33724
31249
10478
13394
15517
9785
36076
4470
60322
21971
18204
63933
33480
51850
30532
16374
31394
52233
34311
30322
10887
65160
52870
57943
59763
46572
24768
34716
45814
32993
23951
60858
32884
44041
15924
37482
9907
60072
28548
29581
64437
63065
32087
36447
23601
43277
17393
59075
19167
45641
48580
36434
55018
38954
36940
13725
59064
56318
30412
21157
63347
18960
27607
49500
31090
2590
37948
49889
46764
47486
46207
8840
48319
29573
35403
11637
49762
62918
2556
64479
25315
39594
20341
31313
45804
6026
48114
38205
55761
45095
25501
21658
3173
6722
48390
33431
5159
36499
42743
10640
14399
20215
50303
58855
22366
45684
11474
49019
44542
23115
462
38248
57322
47473
21010
35043
29887
38986
26051
13454
24984
58098
62006
33667
54328
44940
30502
64619
22787
46150
32690
44789
34231
40131
36801
18582
54611
18192
57476
12178
44071
41399
30561
54934
9213
44462
46279
654
56266
49652
16492
33573
60494
49685
23351
36268
63859
3786
34297
64483
36358
6142
28900
23153
45655
33069
13441
26475
7771
8574
26387
55627
59836
61867
24618
16860
28079
22405
30492
41115
49306
8708
5608
4105
61714
49673
19174
36394
53015
64125
32916
3876
4094
9140
32016
17380
46831
8003
19630
39443
9690
11915
6937
27067
48251
5409
45227
20853
34405
32912
62048
25745
13591
39496
13558
56833
31255
47312
48542
51223
54119
33113
27996
46577
23140
17194
1149
23033
41045
30142
52286
25751
39549
38859
2978
21496
44423
21773
45065
2058
16432
52881
37610
40007
52293
59871
13008
9886
32974
59774
43712
20169
26854
61376
38901
41263
64488
11582
16113
27640
55959
14962
12874
45848
27417
2061
37004
50028
51142
47227
30580
23470
64332
34706
58387
26262
20267
55568
54315
23502
49293
63839
34578
27827
45793
47725
53805
22128
7362
53926
48090
45268
18512
62785
59926
21995
15570
45911
21786
41135
54788
11184
26495
1991
53982
64093
42305
62298
46666
20658
27032
10514
12855
62287
54841
29057
29855
31301
10045
3259
4108
5810
34914
57749
27177
3795
10184
19177
13062
42880
44955
12659
27212
40904
53698
26678
28217
24353
41331
28007
3105
58535
3704
34287
55503
32378
48665
10300
35420
6711
1470
64708
20791
17973
9681
12834
32241
56453
1069
44992
50885
30593
58238
3315
16758
42696
50166
42115
63909
31717
55078
19538
42290
36673
39006
52563
64525
63972
63643
3923
7372
62278
29838
76
40107
55575
27030
61917
1585
8124
37527
53692
50285
62180
4903
29115
24688
51846
36461
634
8260
50267
32645
64727
6240
45448
6559
64722
14322
25423
43523
29320
47785
60514
29248
28278
36721
25396
1190
26074
56068
18619
41900
20799
63456
21471
719
43759
43267
28375
20389
4349
61850
7552
12986
12022
64036
20358
47850
57731
41489
56151
41755
32768
14404
44523
37564
4341
49428
42527
49825
29183
10331
2816
23269
11464
47726
52059
38006
21327
53951
15422
24305
55336
23508
54169
