43992
41176
49302
52118
27025
25233
56881
54577
28178
25874
58752
61056
61048
58744
25047
27351
8965
10245
46967
48247
4673
6465
48725
46421
48436
46644
65218
62914
62769
65073
26182
27974
15445
14165
25933
28237
46851
48131
56337
55057
17345
18625
29343
31135
41748
43028
31878
30598
40314
38522
21769
24073
17390
18670
47241
45961
28981
31285
26099
28403
32358
30054
63725
62445
63437
64717
22837
21045
46519
48823
34536
36328
26577
27857
41125
43941
2130
850
53754
56058
50265
53081
35672
32856
64663
63383
51388
50108
29049
31353
41785
43065
63858
62066
27513
24697
56040
53736
8843
10635
51510
49718
18410
19690
47258
45978
25625
28441
64597
63317
44369
42577
25518
26798
12483
15299
38818
40098
29053
31357
29500
30780
22076
23868
9885
11677
59663
57871
14315
15595
30097
32401
19836
18044
218
3034
60941
58637
58935
60727
22524
23804
11391
10111
15896
13592
30426
32218
31967
30687
2683
379
33452
35244
32192
30400
42799
44079
62047
63839
59515
58235
56075
53259
16955
18747
51738
49434
25915
28219
36302
34510
33267
35571
1279
4095
3725
1421
16732
19036
5196
8012
23584
22304
57273
54457
28383
26079
60625
59345
57363
60179
20613
23429
26005
28309
44191
42911
27296
24992
11187
8371
42374
44678
21048
22840
11979
9675
15595
14315
44001
41185
41163
43979
24649
27465
36036
34756
56428
55148
29986
32290
10361
9081
60999
58695
46484
48788
5109
6389
33147
35451
21170
22962
8431
11247
61649
64465
58117
59397
41098
43914
45383
47687
7333
6053
61868
64172
30058
32362
19331
16515
29460
30740
12675
14979
59266
60546
8030
5214
31925
30645
11442
10162
2976
160
10211
11491
27553
24737
48226
46946
37669
38949
22418
23698
12818
14610
49257
52073
50183
52999
56351
55071
30620
31900
33627
34907
14634
12842
31632
28816
15485
14205
29909
32725
23667
22387
56125
53309
9158
10438
52563
50771
15677
13885
1126
3942
38375
40679
37118
39934
31286
28982
49027
46211
21228
23020
37551
39343
12678
14982
12539
15355
19388
16572
15106
12290
23653
22373
13748
16052
38026
40842
58296
59576
49497
51801
64025
61721
16746
19050
48076
45260
46167
48983
10769
8465
44195
42915
50954
52234
15655
13863
9287
12103
27082
25290
52441
51161
18342
19622
12735
15039
7131
4315
46989
48269
24869
27173
32376
30072
10144
11424
18507
17227
12904
14696
14352
13072
14744
12952
35677
32861
59915
57611
38401
40193
64390
61574
30472
31752
34324
36116
58870
61174
7595
5803
10454
9174
11679
9887
17448
20264
65455
62639
44448
42656
5905
7185
56219
53403
28882
31698
25245
27037
9923
11715
42483
44787
49203
52019
31350
29046
385
2689
42733
44525
34725
36005
16865
19169
37199
39503
48756
46452
44759
42455
42868
44148
62820
65124
12006
9702
7233
5953
9304
12120
29857
32673
35238
33446
14637
12845
46637
48429
59453
58173
43617
41313
64280
61464
17551
20367
34952
33672
42219
45035
39825
37009
59686
57894
44024
41208
53934
55726
54108
55388
3084
1804
51105
52385
53644
55948
26143
27935
54005
55797
63106
64898
52423
51143
37191
39495
13606
15910
30544
31824
4429
6733
31556
28740
57343
54527
33311
35103
20926
23230
40494
38190
15984
13680
8095
5279
9940
11732
63514
62234
47746
45442
30227
32019
1959
3239
27246
24942
41784
43064
56066
53250
3609
1305
48754
46450
12164
9348
8243
11059
37411
39203
34104
36408
37436
39228
37746
39026
26722
25442
3011
195
33437
35229
57894
59686
12244
9428
15874
13570
10692
8900
25180
26972
51076
52356
22298
23578
37408
39200
39768
36952
50066
51346
22639
21359
12516
15332
33233
35537
61070
58766
48121
45305
25081
27385
55557
53765
26900
25108
5503
7807
7585
5793
17557
20373
58859
61163
19192
16888
46087
48903
1347
3651
31629
28813
42684
44476
43610
41306
48077
45261
32071
30279
60342
57526
1978
3258
11407
10127
9902
11694
58401
61217
49298
52114
35200
33408
5148
7964
18211
19491
43110
41830
52604
50812
42331
44635
5365
8181
45593
47385
6295
5015
7876
5572
64670
63390
1160
3976
23462
20646
36085
34805
45489
47793
36421
34117
64979
63187
23136
20832
26286
28078
22346
23626
54051
55331
38206
40510
12502
15318
54861
56653
35099
33307
31079
29287
22020
23812
20603
23419
23318
20502
35669
32853
22659
21379
20831
23135
49318
52134
38076
40892
30464
31744
43279
41487
30474
31754
44029
41213
47529
45737
55959
53655
46625
48417
16343
13527
32533
29717
37632
38912
49481
51785
38528
40320
7266
5986
19839
18047
13770
16074
32864
35680
9290
12106
24436
21620
17490
20306
6006
7286
7211
5931
57412
60228
22848
21056
56592
54800
25112
26904
31771
30491
41814
43094
54745
57049
24870
27174
39177
37385
61389
58573
6826
4522
58934
60726
40259
38467
45456
47760
40010
38730
44844
42028
45415
47719
38729
40009
26716
25436
57870
59662
303
2607
32019
30227
57419
60235
58872
61176
53419
56235
38596
40388
9744
11536
23698
22418
55124
56404
34983
33703
43243
41963
25284
27076
28434
25618
14763
12971
16533
19349
37437
39229
12577
14881
33602
34882
46525
48829
45240
48056
20541
23357
33028
35332
58311
59591
34382
36174
6921
4105
47848
45544
24009
22217
26765
25485
25638
28454
40976
43792
34707
35987
20628
23444
42486
44790
16431
19247
29389
31181
11753
9961
12477
15293
31192
29400
61149
58845
40598
38294
36537
34233
20122
17818
3481
1689
34328
36120
41924
43204
33412
35204
36942
39758
1737
3529
57538
60354
13952
15744
39482
37178
9849
11641
3204
1924
12795
15099
4975
6255
14485
13205
20289
17473
47127
45847
58272
59552
50691
52483
64964
63172
55861
53557
19772
17980
5698
7490
47540
45748
1565
3357
50410
53226
38068
40884
31460
29156
51185
52465
49453
51757
32382
30078
19694
18414
4246
7062
42653
44445
17118
18910
14755
12963
30642
31922
49991
51271
53393
56209
49101
46285
30285
32077
30607
31887
32280
29976
42696
44488
37119
39935
13212
14492
63727
62447
59678
57886
64501
61685
7092
4276
34714
35994
38282
40586
11150
8334
36565
34261
27031
25239
31485
29181
3870
1054
52237
50957
35653
32837
27610
24794
27834
26554
21623
24439
48393
46601
8130
5314
9596
11900
1069
3885
21202
22994
58271
59551
52173
49357
23708
22428
37773
39053
58678
60982
64672
63392
21698
24514
57790
60094
50406
53222
50402
53218
14992
12688
59234
60514
22947
21155
33780
35060
33152
35456
8045
5229
56407
55127
33243
35547
25099
26891
35383
33079
9307
12123
6703
4399
21201
22993
24709
27525
47119
45839
11960
9656
43738
41434
20821
23125
9104
10384
30112
32416
6059
7339
60459
59179
13358
16174
2877
61
2133
853
43183
41903
13628
15932
18031
19823
36470
34166
51233
49953
63460
64740
50362
53178
16928
18720
10839
8535
43593
41289
25537
26817
26057
28361
30780
29500
2613
309
2854
38
18737
16945
42913
44193
21757
24573
29271
31063
43709
41405
11148
8332
41632
43424
50756
52548
27066
25274
7828
5524
58959
60751
48742
46438
53363
56179
23100
20796
25421
26701
10311
9031
8017
5201
52677
50885
41227
43531
21640
24456
58689
60993
31731
28915
25293
27085
63607
62327
24980
27284
61771
64075
14289
15569
53981
55773
48255
46975
18938
17146
19528
18248
41181
43997
2609
305
56170
53354
60957
58653
64940
63148
53497
56313
588
2380
22907
21115
7294
6014
49678
51470
31136
29344
36925
39741
59913
57609
40905
38089
16426
19242
29544
30824
55529
54249
39112
37832
25319
27111
58105
59897
54618
56922
13927
15719
37397
39189
19693
18413
15340
12524
56750
54958
50770
52562
39586
37282
19637
18357
51631
49839
55943
53639
40435
38643
35771
32955
13007
14799
24657
27473
50992
52272
9894
11686
18388
19668
42625
44417
36150
34358
39733
36917
27900
26620
19677
18397
39473
37169
31146
29354
41789
43069
3132
1852
18317
19597
17661
20477
1283
3587
29487
30767
35450
33146
3236
1956
2547
755
20298
17482
61548
64364
3931
1115
41883
43163
31177
29385
15710
13918
23877
22085
27034
25242
27772
26492
56939
54635
7270
5990
4966
6246
59725
57933
34747
36027
37242
39546
38419
40211
43770
41466
16207
13391
33596
34876
29334
31126
44310
42518
26659
25379
14687
12895
8819
10611
1431
3735
56539
55259
3936
1120
50931
52723
25185
26977
4962
6242
37323
39627
10820
8516
11664
9872
58427
61243
39270
37478
34249
36553
17939
19731
64193
61889
26728
25448
28243
25939
38047
40863
47725
45421
37206
39510
46752
48544
36762
33946
40369
38577
1696
3488
7996
5180
648
2440
34550
36342
49310
52126
14018
15810
52059
49243
30709
31989
43596
41292
19997
17693
36335
34543
35552
33248
1540
3332
36846
34030
15107
12291
32247
30455
43834
41018
55087
56367
8547
10851
57325
54509
13610
15914
41276
43580
27401
24585
6004
7284
7662
5870
36252
34460
12860
14652
3444
1652
27184
24880
13588
15892
35139
33347
56790
54998
60090
57786
2630
326
5896
7176
44822
42006
47559
45767
13450
16266
30879
29599
42857
44137
13191
14471
35113
33321
16350
13534
65341
62525
39250
37458
1618
3410
59863
58071
27322
25018
29432
31224
40098
38818
60458
59178
29273
31065
50774
52566
17470
20286
52343
51063
30321
32113
54034
55314
20402
17586
55808
53504
19741
17949
41466
43770
6190
4910
14940
12636
25090
26882
12473
15289
10314
9034
47013
48293
31445
29141
16704
19008
427
2731
32433
30129
57321
54505
32862
35678
52435
51155
36209
34417
6187
4907
56791
54999
20261
17445
17381
18661
42842
44122
21284
22564
38955
37675
49263
52079
41721
43513
24746
27562
64454
61638
58232
59512
56046
53742
44450
42658
32734
29918
55210
56490
1764
3556
51390
50110
9278
12094
29813
32629
27886
26606
2553
761
48855
46551
33967
36783
47740
45436
42468
44772
20176
17872
10788
8484
51206
49926
20355
17539
8126
5310
12800
14592
38080
40896
43348
41556
52894
50590
19150
16846
40027
38747
44241
42961
52942
50638
34810
36090
43968
41152
31520
28704
33901
36717
64594
63314
41749
43029
18718
16926
9531
11835
40546
38242
40778
37962
55510
54230
12775
15079
32570
29754
43529
41225
39096
37816
15221
12405
28750
31566
10010
11290
47719
45415
45698
47490
19818
18026
52503
50711
7283
6003
11669
9877
16976
18768
35288
33496
36090
34810
18711
16919
52455
51175
43730
41426
14245
15525
47259
45979
45009
42193
40586
38282
57162
54346
39271
37479
22720
21440
51670
49878
56185
53369
9679
11983
35577
33273
17738
20042
32651
29835
42890
44170
49487
51791
6390
5110
18203
19483
11971
9667
19082
16778
14924
12620
55624
53832
40013
38733
31714
28898
42822
44102
59283
60563
30433
32225
17631
20447
3216
1936
24650
27466
33923
36739
10881
8577
32223
30431
42884
44164
48201
46921
50567
52871
64585
63305
27142
24838
740
2532
29907
32723
61156
58852
61439
58623
2531
739
44974
42158
21425
22705
5556
7860
7379
6099
28165
25861
51674
49882
27982
26190
65517
62701
970
2250
60380
57564
41761
43041
25802
28618
5957
7237
17011
18803
65097
62793
21416
22696
1070
3886
43087
41807
3813
1509
46479
48783
30183
32487
55354
54074
54253
55533
58201
59481
52703
50911
39010
37730
13440
16256
58321
59601
30803
29523
30846
29566
51700
49908
44367
42575
51511
49719
6585
4793
30653
31933
8167
5351
17465
20281
31422
29118
40307
38515
32736
29920
62019
63811
24710
27526
14363
13083
64954
63162
25212
27004
65417
62601
45803
47595
9835
11627
5129
7945
43137
41857
47469
45677
3317
2037
53772
55564
37656
38936
4050
1234
40928
38112
15111
12295
10349
9069
12054
9238
13355
16171
33363
35155
5324
8140
55700
53908
33356
35148
8687
10991
64254
61950
28659
25843
23071
20767
53962
55754
33724
35004
50360
53176
5267
8083
13272
14552
36146
34354
32259
29955
37353
39657
5985
7265
12542
15358
33107
35411
41927
43207
12665
14969
22441
23721
42719
44511
10164
11444
23765
22485
15700
13908
20699
23515
6644
4852
19893
18101
20971
23275
27402
24586
17333
18613
53546
55850
52398
51118
47260
45980
51598
49806
18323
19603
59240
60520
56000
53696
45679
47471
7561
5769
13216
14496
6485
4693
344
2648
19182
16878
7319
6039
35045
33765
14077
15869
25969
28273
34069
36373
60559
59279
21882
24186
50087
51367
21589
24405
44510
42718
37782
39062
37854
39134
64698
63418
18968
16664
28685
31501
16621
19437
36597
34293
17290
18570
49959
51239
7686
5382
48945
46129
24640
27456
17394
18674
36516
34212
50033
51313
48577
46785
22755
21475
31215
29423
33564
34844
11773
9981
9299
12115
13459
16275
59424
58144
49644
51948
58927
60719
54170
55450
2607
303
60590
59310
38737
40017
51716
49412
22045
23837
52950
50646
24563
21747
59220
60500
27171
24867
52802
50498
5619
7923
23811
22019
1448
3752
11906
9602
55896
53592
60346
57530
28203
25899
19429
16613
27290
24986
27796
26516
22812
21020
32769
35585
56021
53717
65253
62949
17219
18499
58976
60768
47820
45516
9568
11872
18503
17223
34467
36259
26331
28123
43264
41472
60614
59334
58008
59800
8602
10906
45741
47533
25826
28642
29206
30998
7298
6018
35048
33768
21982
24286
52466
51186
38272
40576
3160
1880
30394
32186
9627
11931
38046
40862
57429
60245
11132
8316
46965
48245
35248
33456
64808
63016
237
3053
25597
26877
14139
15419
10591
8799
51936
49632
26252
28044
17446
20262
21377
22657
129
2945
57386
60202
46731
48523
53798
55590
39853
37037
18782
16990
35194
33402
51189
52469
47950
45134
16908
18700
16543
19359
14167
15447
24520
21704
48960
46144
59783
57991
8314
11130
26449
27729
30052
32356
62004
63796
1444
3748
28202
25898
46908
48188
52192
49376
12353
15169
33514
35306
17782
20086
63377
64657
34696
35976
23610
22330
52210
49394
24092
21788
1987
3267
37395
39187
11517
10237
60889
59097
52994
50178
57922
59714
24697
27513
50068
51348
16400
19216
38241
40545
13978
15770
30569
31849
64255
61951
44169
42889
44232
42952
63252
64532
44255
42975
41895
43175
50672
52976
22210
24002
36360
34056
53846
55638
34487
36279
51759
49455
10363
9083
5690
7482
8353
11169
50306
53122
65301
62485
39933
37117
43814
40998
1285
3589
15310
12494
7825
5521
57414
60230
27831
26551
14747
12955
7611
5819
53226
50410
44722
42418
32345
30041
6909
4605
50462
52766
897
2177
16518
19334
11204
8388
8312
11128
54021
55301
46761
48553
18080
19872
54385
57201
33975
36791
48648
46344
14815
13023
64687
63407
53008
50192
49551
51855
31628
28812
64396
61580
3811
1507
38444
40236
1480
3784
31870
30590
47690
45386
6314
5034
1275
4091
55507
54227
41296
43600
38535
40327
10832
8528
2709
405
40681
38377
61290
58474
4480
6784
49207
52023
7735
5431
33567
34847
24872
27176
48637
46845
47611
45819
4008
1192
8106
5290
62577
65393
9472
11776
1395
3699
10449
9169
16299
13483
15511
14231
51334
50054
33295
35087
28365
26061
44068
42788
53390
56206
63113
64905
35790
32974
36283
34491
52882
50578
20807
23111
728
2520
24817
27633
33364
35156
55684
53892
41752
43032
50108
51388
54697
57001
49169
51985
16939
18731
39743
36927
32006
30214
17013
18805
35375
33071
14221
15501
31544
28728
33552
34832
45334
47638
1557
3349
53756
56060
2511
719
7232
5952
31251
28947
49075
46259
29719
32535
57919
59711
14323
15603
59084
60876
38685
39965
702
2494
4356
6660
19406
16590
18535
17255
42959
44239
25077
27381
8892
10684
52695
50903
25213
27005
54372
57188
26135
27927
43945
41129
19929
18137
28931
31235
15325
12509
34547
36339
20678
23494
50525
52829
39676
37372
9688
11992
19160
16856
408
2712
64675
63395
10301
9021
38570
40362
4700
6492
5172
7988
13683
15987
8761
10553
34375
36167
17706
20010
64305
61489
8007
5191
5705
7497
23689
22409
28970
31274
64186
61882
33568
34848
59029
60821
12142
9326
15562
14282
46339
48643
18481
17201
24853
27157
25208
27000
28304
26000
42120
44936
52848
50544
28211
25907
34886
33606
5237
8053
14479
13199
28952
31256
46234
49050
22242
24034
41847
43127
9689
11993
4762
6554
26890
25098
14997
12693
9485
11789
32815
35631
16252
13436
8459
10763
51762
49458
10154
11434
33671
34951
19650
18370
52652
50860
48679
46375
57031
54727
46275
49091
4134
6950
2406
614
6963
4147
48892
46588
39945
38665
61415
58599
18263
19543
65356
62540
51557
49765
26101
28405
37334
39638
17883
20187
6761
4457
47023
48303
17014
18806
27380
25076
20240
17424
6275
4995
12992
14784
65368
62552
52285
51005
54154
55434
49226
52042
27719
26439
22847
21055
57735
60039
25631
28447
49177
51993
65447
62631
59166
60446
18536
17256
32551
29735
61913
64217
209
3025
854
2134
24417
21601
23483
20667
52928
50624
8561
10865
11179
8363
16159
13343
58987
60779
60456
59176
48279
46999
26464
27744
13418
16234
40313
38521
5624
7928
2940
124
61238
58422
22086
23878
20046
17742
10875
8571
54981
56773
59024
60816
7325
6045
27232
24928
18027
19819
53010
50194
45313
47617
44252
42972
27769
26489
40084
38804
56520
55240
4334
7150
4935
6215
5073
6353
7739
5435
28532
25716
64643
63363
44543
42751
33048
35352
65113
62809
29117
31421
60262
57446
36023
34743
21534
24350
55652
53860
54367
57183
12470
15286
36578
34274
54191
55471
22625
21345
52030
49214
57703
60007
4710
6502
36020
34740
34083
36387
61062
58758
54263
55543
25129
26921
42364
44668
30249
32041
54478
57294
61148
58844
16300
13484
61130
58826
37633
38913
26691
25411
36092
34812
22011
24315
4714
6506
16604
19420
13577
15881
9584
11888
61282
58466
46616
48408
50950
52230
12124
9308
43708
41404
50721
52513
35637
32821
9677
11981
31354
29050
62166
63958
16190
13374
29558
30838
16978
18770
21719
24535
2700
396
30932
29652
44428
42636
29116
31420
39304
37512
29877
32693
22644
21364
58867
61171
57433
60249
28353
26049
43788
40972
35404
33100
2631
327
3515
1723
52431
51151
51801
49497
35691
32875
49215
52031
19465
18185
16176
13360
9073
10353
11746
9954
7014
4198
4736
6528
13361
16177
1405
3709
41456
43760
40549
38245
17318
18598
23800
22520
10167
11447
7237
5957
7664
5872
6746
4442
4550
6854
1910
3190
3558
1766
22327
23607
57914
59706
1257
4073
54199
55479
10064
11344
26234
28026
62726
65030
63364
64644
42609
44401
44925
42109
17063
18855
34962
33682
34119
36423
63401
64681
45352
47656
6567
4775
15969
13665
63930
62138
33477
35269
58320
59600
14877
12573
21288
22568
23395
20579
34016
36832
50413
53229
14613
12821
25371
26651
13198
14478
22428
23708
37359
39663
13448
16264
11607
9815
48644
46340
38001
40817
20246
17430
43650
41346
48724
46420
28308
26004
64116
61812
7495
5703
32933
35749
38969
37689
39635
37331
5928
7208
33387
35179
10076
11356
47749
45445
47619
45315
409
2713
48167
46887
56723
54931
1262
4078
58489
61305
46112
48928
59036
60828
13167
14447
48183
46903
19630
18350
30665
31945
54978
56770
38449
40241
990
2270
31770
30490
60210
57394
19747
17955
39346
37554
50373
53189
26467
27747
11840
9536
7841
5537
15061
12757
17237
18517
35034
33754
392
2696
41821
43101
47925
45109
42309
44613
24820
27636
2320
528
37311
39615
64569
63289
13070
14350
45141
47957
55301
54021
6902
4598
26839
25559
16526
19342
30842
29562
19617
18337
51646
49854
46534
48838
32137
30345
58228
59508
59540
58260
65354
62538
55755
53963
11439
10159
43129
41849
9321
12137
4778
6570
57948
59740
56215
53399
26039
28343
17428
20244
7323
6043
32928
35744
61249
58433
15324
12508
24198
21894
14035
15827
16257
13441
52084
49268
45366
47670
7458
5666
63416
64696
59638
58358
29649
30929
36135
34343
61836
64140
13969
15761
37243
39547
52307
51027
48372
47092
58549
61365
46608
48400
55560
53768
37913
40729
47696
45392
54558
56862
47548
45756
1010
2290
24082
21778
19974
17670
6126
7406
65436
62620
52552
50760
14375
13095
32399
30095
7614
5822
58154
59434
48456
46664
44994
42178
26725
25445
34609
35889
37482
39274
56596
54804
8063
5247
45498
47802
1218
4034
9619
11923
52537
50745
14024
15816
53477
56293
61193
58377
57367
60183
30330
32122
46831
48623
8638
10942
43877
41061
62509
65325
29912
32728
32235
30443
50080
51360
28517
25701
32284
29980
13838
15630
55352
54072
29381
31173
7389
6109
44302
42510
4580
6884
26237
28029
38117
40933
40330
38538
62799
65103
36366
34062
8744
10536
28991
31295
8076
5260
58260
59540
25705
28521
34227
36531
57117
54301
21641
24457
35412
33108
22053
23845
47702
45398
12640
14944
34661
35941
15917
13613
2546
754
47762
45458
21625
24441
31804
30524
46107
48923
60140
57836
4219
7035
47413
45621
43045
41765
26516
27796
57231
54415
11616
9824
41722
43514
39954
38674
19565
18285
39341
37549
39475
37171
13661
15965
48205
46925
59716
57924
3254
1974
26800
25520
64067
61763
41365
43669
7785
5481
40438
38646
34723
36003
18887
17095
21472
22752
62443
63723
63717
62437
37934
40750
16673
18977
743
2535
63376
64656
18497
17217
63628
62348
23809
22017
41575
43367
26640
25360
8900
10692
28193
25889
19880
18088
52108
49292
23156
20852
28220
25916
51665
49873
42122
44938
24382
21566
55814
53510
54111
55391
19915
18123
19272
16456
8341
11157
13634
15938
24807
27623
50947
52227
12877
14669
55951
53647
64589
63309
58654
60958
21367
22647
30269
32061
46680
48472
312
2616
47383
45591
22904
21112
19964
18172
17189
18469
56235
53419
59987
57683
54070
55350
5028
6308
48391
46599
9695
11999
33638
34918
11076
8260
48620
46828
34435
36227
15076
12772
52663
50871
31853
30573
25780
28596
6615
4823
58180
59460
20157
17853
34894
33614
34367
36159
25839
28655
50707
52499
32451
30147
52339
51059
19088
16784
11068
8252
54517
57333
51534
49742
6216
4936
28196
25892
41870
43150
25050
27354
48059
45243
6899
4595
51861
49557
54171
55451
27776
26496
10315
9035
13172
14452
62493
65309
62943
65247
25783
28599
34193
36497
52345
51065
16890
19194
6957
4141
22940
21148
35750
32934
61410
58594
27934
26142
6133
7413
11320
10040
50048
51328
14042
15834
50275
53091
19100
16796
14194
15474
31455
29151
42470
44774
50176
52992
3834
1530
53930
55722
43940
41124
40402
38610
19829
18037
55217
56497
24705
27521
20942
23246
32929
35745
33736
35016
48213
46933
53838
55630
15279
12463
18597
17317
37969
40785
3391
1599
27376
25072
60169
57353
45889
47169
32764
29948
27580
24764
48797
46493
65088
62784
10396
9116
48666
46362
52187
49371
25018
27322
4628
6420
33064
35368
10762
8458
53701
56005
16242
13426
10610
8818
58070
59862
54175
55455
1328
3632
43343
41551
61486
64302
1266
4082
26721
25441
52248
50968
23889
22097
31434
29130
36917
39733
41520
43312
23715
22435
10474
9194
40203
38411
19653
18373
40516
38212
35402
33098
64184
61880
30622
31902
12087
9271
59899
58107
35877
34597
30561
31841
40777
37961
1181
3997
9414
12230
43897
41081
20206
17902
28132
26340
38327
40631
21926
24230
59061
60853
49086
46270
23841
22049
12280
9464
48997
46181
60972
58668
58510
61326
9907
11699
13154
14434
39091
37811
48673
46369
41303
43607
30923
29643
64610
63330
16851
19155
5079
6359
51180
52460
52816
50512
51695
49903
2260
980
63577
62297
29025
31329
55938
53634
28738
31554
24848
27152
3695
1391
2798
494
24204
21900
20960
23264
32668
29852
17850
20154
32288
29984
16699
19003
31540
28724
4385
6689
41606
43398
27100
25308
61030
58726
7252
5972
60308
57492
65302
62486
22382
23662
51369
50089
50342
53158
28766
31582
63589
62309
65339
62523
26278
28070
26010
28314
1673
3465
47855
45551
45168
47984
52214
49398
61835
64139
42602
44394
23500
20684
51038
52318
55761
53969
1674
3466
6668
4364
50818
52610
22246
24038
31846
30566
31734
28918
707
2499
53376
56192
46080
48896
2521
729
9913
11705
2483
691
9165
10445
4652
6444
38406
40198
8835
10627
44678
42374
17336
18616
7310
6030
30961
29681
48052
45236
6232
4952
18287
19567
1567
3359
32652
29836
38123
40939
13580
15884
4048
1232
25452
26732
59703
57911
34212
36516
29969
32273
55821
53517
55657
53865
31886
30606
54671
56975
50769
52561
24940
27244
12139
9323
36743
33927
10284
9004
2089
809
18855
17063
30714
31994
23535
20719
29879
32695
40120
38840
46311
49127
60013
57709
23386
20570
33540
34820
13332
16148
29291
31083
27788
26508
14338
13058
3532
1740
54926
56718
55474
54194
2307
515
42746
44538
4069
1253
14595
12803
12955
14747
25110
26902
4547
6851
62901
65205
65172
62868
43358
41566
44155
42875
13057
14337
27
2843
26943
25151
32403
30099
19675
18395
45869
47149
28337
26033
17877
20181
31402
29098
25339
27131
16272
13456
28994
31298
3981
1165
22691
21411
55166
56446
13260
14540
31919
30639
27911
26119
8067
5251
65289
62473
35907
34627
24071
21767
55910
53606
36691
33875
42394
44698
4317
7133
11867
9563
41831
43111
60575
59295
29655
30935
65126
62822
14154
15434
43966
41150
28008
26216
11637
9845
12949
14741
28624
25808
51129
52409
46084
48900
14942
12638
18438
17158
65336
62520
535
2327
6892
4588
14268
15548
29557
30837
31679
28863
56844
54540
27485
24669
13912
15704
49788
51580
25611
28427
45657
47449
21001
22793
47103
48383
33020
35836
17699
20003
34920
33640
58096
59888
43540
41236
40285
38493
53111
50295
58303
59583
11214
8398
30946
29666
60477
59197
21004
22796
11264
9984
36913
39729
62095
63887
32619
29803
59802
58010
45934
47214
65474
62658
37800
39080
64812
63020
42865
44145
23388
20572
16497
19313
49516
51820
22311
23591
7884
5580
8681
10985
44256
42976
6335
5055
35064
33784
19914
18122
62877
65181
25377
26657
42637
44429
47084
48364
44590
42286
13010
14802
59318
60598
1130
3946
22097
23889
49738
51530
55050
56330
44889
42073
1570
3362
59740
57948
21685
24501
64847
63055
34596
35876
10815
8511
30160
32464
65344
62528
930
2210
55120
56400
27901
26621
9822
11614
55385
54105
2119
839
44081
42801
17407
18687
25668
28484
31595
28779
48270
46990
24599
27415
5162
7978
9690
11994
19758
17966
18905
17113
59927
57623
22525
23805
6189
4909
1239
4055
33521
35313
34239
36543
20587
23403
34659
35939
54914
56706
13963
15755
2973
157
44710
42406
28402
26098
63482
64762
8121
5305
15949
13645
22781
21501
31101
29309
19806
18014
36709
33893
63572
62292
22711
21431
49915
51707
60260
57444
20714
23530
16995
18787
29006
31310
20615
23431
7263
5983
29567
30847
39547
37243
11591
9799
1468
3772
3406
1614
56943
54639
54521
57337
46911
48191
22364
23644
26760
25480
14748
12956
34712
35992
58411
61227
59486
58206
52152
49336
25108
26900
16557
19373
58619
61435
755
2547
3853
1037
33733
35013
30120
32424
21939
24243
18347
19627
4703
6495
55427
54147
61428
58612
48874
46570
10538
8746
13092
14372
43584
41280
32246
30454
7576
5784
56133
53317
3416
1624
45196
48012
10994
8690
52508
50716
53056
50240
9890
11682
35587
32771
10241
8961
35588
32772
21814
24118
11940
9636
54242
55522
1812
3092
4965
6245
45
2861
26603
27883
37201
39505
57094
54278
49386
52202
36304
34512
35866
34586
49710
51502
5530
7834
50496
52800
62393
63673
14356
13076
58375
61191
65318
62502
44856
42040
50204
53020
44260
42980
62355
63635
25910
28214
63952
62160
4171
6987
49659
51963
62891
65195
32968
35784
12333
15149
3018
202
53180
50364
15623
13831
18564
17284
47524
45732
16051
13747
56507
55227
19434
16618
38651
40443
39114
37834
60975
58671
2765
461
15909
13605
5887
7679
52995
50179
33376
35168
26347
28139
27189
24885
52839
50535
43781
40965
23367
20551
14975
12671
65492
62676
46719
48511
63915
62123
32209
30417
57847
60151
15180
12364
14004
15796
33696
34976
9594
11898
5964
7244
50653
52957
61921
64225
13809
16113
49789
51581
6969
4153
4439
6743
63632
62352
1798
3078
64122
61818
7573
5781
21813
24117
44764
42460
16877
19181
7113
4297
11259
8443
42546
44338
31900
30620
45055
42239
57365
60181
53901
55693
40467
38163
2429
637
47832
45528
57978
59770
37897
40713
57404
60220
29035
31339
44789
42485
37002
39818
25026
27330
17817
20121
34530
36322
16619
19435
64465
61649
2168
888
26844
25564
55437
54157
59063
60855
24439
21623
29749
32565
21330
22610
3803
1499
18436
17156
43585
41281
11469
10189
20550
23366
64258
61442
35933
34653
4240
7056
13016
14808
30008
32312
37280
39584
2346
554
34613
35893
36187
34395
5139
7955
52815
50511
54940
56732
12049
9233
20512
23328
20470
17654
19233
16417
6461
4669
21023
22815
1668
3460
17828
20132
34549
36341
12765
15069
58222
59502
17996
19788
48252
46972
35604
32788
34816
33536
35617
32801
39384
37592
49153
51969
14853
12549
4801
6593
2160
880
37811
39091
45416
47720
10088
11368
37687
38967
29103
31407
50283
53099
8897
10689
49432
51736
48083
45267
24256
21952
41488
43280
4415
6719
23507
20691
47751
45447
64327
61511
8387
11203
45844
47124
8026
5210
4232
7048
36499
34195
16870
19174
48697
46393
36813
33997
27114
25322
40732
37916
6071
7351
55369
54089
34468
36260
60584
59304
28015
26223
64934
63142
30974
29694
17613
20429
45380
47684
9933
11725
6313
5033
33802
36618
13488
16304
59385
60665
55033
56825
26578
27858
54821
56613
23870
22078
9645
11949
38207
40511
13615
15919
14461
13181
4599
6903
49735
51527
9910
11702
1883
3163
42020
44836
10106
11386
18877
17085
4037
1221
58237
59517
174
2990
25568
26848
1497
3801
57413
60229
19970
17666
26
2842
59952
57648
10050
11330
24741
27557
46969
48249
31866
30586
10687
8895
4578
6882
15686
13894
17117
18909
42183
44999
52526
50734
38321
40625
6736
4432
24550
21734
12324
15140
8458
10762
12563
14867
32776
35592
47108
45828
54266
55546
44610
42306
9552
11856
30191
32495
15877
13573
53580
55884
56700
54908
29078
31382
35744
32928
18659
17379
38137
40953
3332
1540
13739
16043
59506
58226
16824
19128
48948
46132
5869
7661
5121
7937
5595
7899
53181
50365
19042
16738
17173
18453
12325
15141
40787
37971
16128
13312
28147
26355
13614
15918
31401
29097
2593
289
36199
34407
56404
55124
51051
52331
16297
13481
48336
47056
25804
28620
4482
6786
11468
10188
39128
37848
29776
32592
40202
38410
64908
63116
12707
15011
21397
22677
928
2208
14051
15843
30880
29600
3498
1706
19253
16437
15661
13869
27335
25031
60287
57471
35057
33777
27969
26177
15367
14087
16135
13319
34354
36146
27081
25289
7985
5169
4606
6910
58898
60690
3574
1782
39960
38680
52966
50662
19122
16818
29753
32569
19213
16397
58662
60966
60637
59357
57315
54499
42713
44505
6302
5022
64118
61814
14411
13131
27305
25001
29612
30892
25559
26839
51184
52464
7102
4286
59279
60559
60985
58681
2672
368
47239
45959
25974
28278
7338
6058
61508
64324
20717
23533
28357
26053
54209
55489
29199
30991
16825
19129
16671
18975
58022
59814
11704
9912
39719
36903
39113
37833
31328
29024
46836
48628
23760
22480
45608
47400
3680
1376
20667
23483
9932
11724
2087
807
22933
21141
41147
43963
31377
29073
4787
6579
25672
28488
49485
51789
3264
1984
58650
60954
43728
41424
47607
45815
59433
58153
21858
24162
40406
38614
40912
38096
16344
13528
60066
57762
35124
33332
24555
21739
20307
17491
8741
10533
18873
17081
40354
38562
22123
23915
3710
1406
41479
43271
20864
23168
47900
45084
28654
25838
19241
16425
1166
3982
64160
61856
54063
55343
39926
37110
22564
21284
3123
1843
35315
33523
34718
35998
50368
53184
29611
30891
14037
15829
19328
16512
47930
45114
3965
1149
26493
27773
26327
28119
3286
2006
45636
47428
24875
27179
52194
49378
11040
8224
44418
42626
6833
4529
64304
61488
37005
39821
55598
53806
8323
11139
52394
51114
39381
37589
4586
6890
10580
8788
20294
17478
63675
62395
56727
54935
35098
33306
40271
38479
5088
6368
24982
27286
22558
21278
54503
57319
5282
8098
3962
1146
23134
20830
61766
64070
54378
57194
10308
9028
35624
32808
33745
35025
58574
61390
17576
20392
49173
51989
48454
46662
7734
5430
33423
35215
59577
58297
18357
19637
47604
45812
49995
51275
5359
8175
50847
52639
64809
63017
12165
9349
65117
62813
22057
23849
48126
45310
63120
64912
43698
41394
12642
14946
5813
7605
59001
60793
43025
41745
50946
52226
41933
43213
29834
32650
31153
29361
29473
30753
57056
54752
50318
53134
21576
24392
32343
30039
41348
43652
12661
14965
23063
20759
27612
24796
28774
31590
41848
43128
57411
60227
62574
65390
30365
32157
53766
55558
4709
6501
24603
27419
15454
14174
50778
52570
48410
46618
36162
34370
47174
45894
51151
52431
12077
9261
43127
41847
51162
52442
25386
26666
4228
7044
564
2356
34208
36512
19878
18086
27848
26568
38929
37649
40830
38014
33572
34852
61407
58591
29781
32597
57757
60061
14267
15547
45448
47752
62791
65095
25267
27059
41279
43583
29731
32547
16960
18752
62718
65534
28200
25896
7033
4217
48900
46084
48638
46846
47808
45504
58285
59565
4248
7064
42535
44327
39488
37184
13139
14419
20588
23404
3156
1876
24816
27632
36641
33825
48437
46645
24340
21524
52825
50521
28355
26051
24183
21879
30240
32032
44831
42015
37875
39155
41811
43091
29702
32518
15364
14084
245
3061
19869
18077
17993
19785
5583
7887
49924
51204
29349
31141
61731
64035
40919
38103
28100
26308
63509
62229
15727
13935
43758
41454
29324
31116
56088
53272
16294
13478
20735
23551
9983
11775
36244
34452
26332
28124
21246
23038
13458
16274
15684
13892
37459
39251
1336
3640
10236
11516
3404
1612
5554
7858
16663
18967
39652
37348
53015
50199
31948
30668
44910
42094
24684
27500
22545
21265
30211
32003
61783
64087
26126
27918
27062
25270
64971
63179
27277
24973
33211
35515
31502
28686
31494
28678
22273
23553
17903
20207
18140
19932
51994
49178
38214
40518
1511
3815
17487
20303
23306
20490
47903
45087
9753
11545
37580
39372
32897
35713
34845
33565
40242
38450
48716
46412
48257
46977
41709
43501
19199
16895
17814
20118
60934
58630
30868
29588
1085
3901
11305
10025
21000
22792
54896
56688
50843
52635
3926
1110
49838
51630
28085
26293
8801
10593
34084
36388
32822
35638
60267
57451
44804
41988
32616
29800
33068
35372
15780
13988
54880
56672
26548
27828
61112
58808
36408
34104
48909
46093
17087
18879
52581
50789
41327
43631
46266
49082
51453
50173
7223
5943
3470
1678
23796
22516
19285
16469
44308
42516
27990
26198
2563
259
19020
16716
22534
21254
105
2921
47727
45423
52072
49256
42921
44201
40920
38104
16251
13435
33749
35029
62735
65039
24226
21922
50670
52974
55631
53839
49208
52024
47255
45975
47167
45887
34327
36119
58246
59526
19618
18338
23694
22414
39041
37761
56385
55105
23556
22276
16579
19395
60354
57538
15497
14217
17985
19777
59008
60800
44152
42872
34931
33651
2291
1011
57601
59905
37850
39130
18871
17079
60462
59182
21619
24435
42161
44977
42063
44879
11557
9765
15064
12760
28607
25791
4803
6595
56628
54836
26877
25597
41425
43729
33108
35412
17811
20115
65168
62864
44605
42301
30869
29589
19038
16734
10392
9112
45465
47769
17271
18551
60983
58679
31275
28971
60074
57770
19079
16775
45474
47778
59593
58313
26056
28360
495
2799
42173
44989
6731
4427
63995
62203
39186
37394
55393
54113
24140
21836
30928
29648
46136
48952
27795
26515
50584
52888
10585
8793
12571
14875
19679
18399
35809
32993
48278
46998
52064
49248
57316
54500
3818
1514
59596
58316
46915
48195
2906
90
64478
61662
56668
54876
38435
40227
36663
33847
60107
57803
21868
24172
44799
42495
12263
9447
55875
53571
56248
53432
21382
22662
32350
30046
32925
35741
20510
23326
53834
55626
33483
35275
31786
30506
38136
40952
32154
30362
48365
47085
35017
33737
8051
5235
11192
8376
24278
21974
9534
11838
22008
24312
31827
30547
27538
24722
36465
34161
34096
36400
15231
12415
19564
18284
7924
5620
50477
52781
46290
49106
8442
11258
56041
53737
44723
42419
42070
44886
56438
55158
4340
7156
26354
28146
12168
9352
9096
10376
42488
44792
47214
45934
40201
38409
40247
38455
42372
44676
61438
58622
11688
9896
55489
54209
27447
24631
57240
54424
19620
18340
46493
48797
4545
6849
9406
12222
11203
8387
42503
44295
17460
20276
47499
45707
25142
26934
5671
7463
38060
40876
22667
21387
54404
57220
46990
48270
34652
35932
31447
29143
53992
55784
22611
21331
32141
30349
2760
456
26120
27912
53213
50397
21551
24367
15471
14191
18192
19472
36546
34242
57158
54342
44773
42469
3394
1602
20466
17650
55122
56402
29282
31074
8634
10938
13028
14820
39802
36986
6472
4680
65385
62569
12855
14647
53778
55570
19526
18246
37807
39087
17411
20227
20833
23137
54768
57072
41349
43653
1756
3548
49109
46293
56567
55287
40291
38499
21716
24532
1149
3965
11452
10172
11833
9529
50574
52878
20489
23305
54327
57143
45641
47433
42019
44835
12811
14603
60612
59332
57861
59653
42845
44125
12960
14752
32967
35783
35448
33144
28056
26264
53928
55720
41589
43381
18713
16921
63186
64978
37053
39869
17526
20342
59541
58261
32296
29992
10746
8954
34341
36133
11911
9607
42710
44502
22374
23654
50854
52646
41921
43201
42018
44834
6150
4870
9226
12042
46467
48771
33053
35357
18611
17331
28257
25953
30198
32502
34880
33600
2869
53
24759
27575
51200
49920
65388
62572
49350
52166
12579
14883
2598
294
33579
34859
10635
8843
5444
7748
56771
54979
20192
17888
59916
57612
29505
30785
55750
53958
27393
24577
51192
52472
3230
1950
59455
58175
10351
9071
32397
30093
51777
49473
28827
31643
285
2589
56870
54566
38340
40644
3119
1839
48704
46400
12099
9283
13241
14521
34517
36309
51364
50084
12794
15098
33792
36608
3916
1100
1381
3685
41860
43140
2595
291
14058
15850
49742
51534
36340
34548
49636
51940
39422
37630
57383
60199
65225
62921
30232
32024
24148
21844
10796
8492
58620
61436
43833
41017
32315
30011
25470
26750
16761
19065
19696
18416
60070
57766
31454
29150
2779
475
63269
64549
51371
50091
63355
64635
31279
28975
39770
36954
30325
32117
65232
62928
63704
62424
51277
49997
29405
31197
38036
40852
59726
57934
46308
49124
8774
10566
30135
32439
43783
40967
38427
40219
17678
19982
34373
36165
30909
29629
51849
49545
35403
33099
37259
39563
20155
17851
6720
4416
61153
58849
36679
33863
9687
11991
44862
42046
47765
45461
26570
27850
8947
10739
6773
4469
50555
52859
10959
8655
53052
50236
53712
56016
28878
31694
39989
38709
63012
64804
48085
45269
48963
46147
7105
4289
34724
36004
4832
6624
37145
39449
50893
52685
63997
62205
28191
25887
19247
16431
24753
27569
21044
22836
24415
21599
10085
11365
59819
58027
9758
11550
59422
58142
43124
41844
25609
28425
31745
30465
10543
8751
17887
20191
15721
13929
10521
8729
42703
44495
55100
56380
61915
64219
16695
18999
38828
40108
9705
12009
44690
42386
9103
10383
793
2073
22084
23876
28347
26043
51181
52461
63316
64596
15353
12537
9996
11276
27588
24772
2592
288
60035
57731
28920
31736
39363
37571
58403
61219
32638
29822
20924
23228
38627
40419
15569
14289
1297
3601
43564
41260
50029
51309
22154
23946
60313
57497
5358
8174
48145
46865
49880
51672
15337
12521
62839
65143
43160
41880
16570
19386
28538
25722
11446
10166
51199
52479
35580
33276
46706
48498
24932
27236
62817
65121
15676
13884
13797
16101
19540
18260
64194
61890
29123
31427
10369
9089
17051
18843
57100
54284
30221
32013
62013
63805
14603
12811
44648
42344
35468
33164
9657
11961
7478
5686
50483
52787
5236
8052
52829
50525
7501
5709
37979
40795
56687
54895
14561
13281
13778
16082
43058
41778
39904
37088
6767
4463
22978
21186
5029
6309
9177
10457
63829
62037
22490
23770
41615
43407
4521
6825
58122
59402
58670
60974
5921
7201
49926
51206
11638
9846
51070
52350
62409
63689
58293
59573
49808
51600
46755
48547
4307
7123
9120
10400
18591
17311
61481
64297
64029
61725
18350
19630
16454
19270
48049
45233
34594
35874
29089
31393
22993
21201
57892
59684
32978
35794
30660
31940
41242
43546
56782
54990
17912
20216
3783
1479
61457
64273
42065
44881
36725
33909
37959
40775
11279
9999
9375
12191
43435
41643
32706
29890
54360
57176
43701
41397
307
2611
36463
34159
3340
1548
10999
8695
35630
32814
36130
34338
54802
56594
61984
63776
35953
34673
34463
36255
50532
52836
26244
28036
22643
21363
34970
33690
27895
26615
48408
46616
24871
27175
60455
59175
64132
61828
19454
16638
47793
45489
45152
47968
21903
24207
4923
6203
42914
44194
49004
46188
64651
63371
53629
55933
31670
28854
61858
64162
23017
21225
12339
15155
50683
52987
42114
44930
47687
45383
16084
13780
54798
56590
54082
55362
62266
63546
30236
32028
24478
21662
47518
45726
20716
23532
46949
48229
57441
60257
35166
33374
64674
63394
43253
41973
12379
15195
5
2821
42907
44187
45350
47654
41148
43964
22989
21197
3712
1408
1650
3442
7284
6004
63045
64837
35330
33026
49669
51461
61615
64431
24743
27559
60875
59083
58728
61032
9315
12131
27664
26384
39839
37023
2355
563
2797
493
19894
18102
24213
21909
18319
19599
38273
40577
43239
41959
19416
16600
3782
1478
44149
42869
53170
50354
1206
4022
35026
33746
30913
29633
50782
52574
11282
10002
51707
49915
21839
24143
46281
49097
12727
15031
31915
30635
20819
23123
39142
37862
11230
8414
37617
39409
64581
63301
52231
50951
50505
52809
34849
33569
35484
33180
60530
59250
41471
43775
46307
49123
12913
14705
45901
47181
1329
3633
6319
5039
57943
59735
47974
45158
26301
28093
55
2871
19036
16732
17548
20364
25315
27107
9154
10434
57820
60124
20172
17868
53529
55833
11385
10105
54105
55385
24449
21633
37861
39141
38822
40102
27338
25034
23000
21208
13745
16049
55830
53526
55080
56360
2536
744
62241
63521
46845
48637
63544
62264
20081
17777
61711
64015
31739
28923
38583
40375
48711
46407
37611
39403
22283
23563
9157
10437
17710
20014
36331
34539
36
2852
29069
31373
21171
22963
15010
12706
25130
26922
65104
62800
25016
27320
17818
20122
54972
56764
6395
5115
25116
26908
17697
20001
37567
39359
54713
57017
8920
10712
25674
28490
31205
29413
53356
56172
44496
42704
38670
39950
34098
36402
54169
55449
22174
23966
43466
41674
56806
55014
3395
1603
10838
8534
63926
62134
31374
29070
26043
28347
21263
22543
59187
60467
15936
13632
16986
18778
25447
26727
62108
63900
51773
49469
12126
9310
41961
43241
11127
8311
17413
20229
30516
31796
21283
22563
21777
24081
51472
49680
30449
32241
62439
63719
4272
7088
58852
61156
13662
15966
46869
48149
18816
17024
27824
26544
23393
20577
55798
54006
40412
38620
44018
41202
27180
24876
35717
32901
12466
15282
51465
49673
49921
51201
33582
34862
4812
6604
43801
40985
27731
26451
56251
53435
29113
31417
15038
12734
31444
29140
16503
19319
2214
934
19695
18415
32102
30310
23195
20891
7549
5757
35366
33062
22409
23689
60597
59317
22587
21307
53268
56084
60557
59277
48084
45268
63852
62060
10979
8675
28262
25958
3614
1310
51155
52435
57438
60254
51489
49697
12044
9228
9598
11902
4101
6917
30327
32119
33519
35311
45007
42191
40730
37914
6742
4438
4607
6911
31756
30476
13252
14532
47150
45870
47157
45877
48975
46159
42785
44065
3019
203
53099
50283
58281
59561
55247
56527
42722
44514
31910
30630
17954
19746
5761
7553
57465
60281
41391
43695
23304
20488
26826
25546
64050
61746
35308
33516
9577
11881
14158
15438
25126
26918
26949
25157
19240
16424
21970
24274
34302
36606
62199
63991
21759
24575
42247
44551
22396
23676
11856
9552
42594
44386
61879
64183
49883
51675
60784
58992
34491
36283
57558
60374
759
2551
17691
19995
5391
7695
2373
581
15148
12332
42125
44941
63681
62401
57755
60059
31619
28803
5184
8000
4571
6875
44257
42977
10108
11388
25771
28587
23548
20732
53279
56095
39232
37440
546
2338
49961
51241
37777
39057
52790
50486
8058
5242
42370
44674
48048
45232
34280
36584
11405
10125
44706
42402
56296
53480
57377
60193
39324
37532
14067
15859
29101
31405
26197
27989
41850
43130
44726
42422
9313
12129
36937
39753
54752
57056
11135
8319
26777
25497
60288
57472
2578
274
25389
26669
56128
53312
58537
61353
502
2806
62322
63602
14340
13060
47776
45472
5398
7702
36517
34213
47155
45875
19857
18065
24155
21851
60718
58926
37816
39096
26429
27709
16550
19366
56377
55097
41120
43936
43558
41254
56137
53321
4376
6680
30567
31847
35972
34692
30663
31943
47913
45097
29900
32716
44285
43005
57938
59730
38943
37663
32455
30151
43592
41288
33992
36808
14591
13311
31767
30487
29922
32738
6775
4471
59873
58081
64683
63403
12197
9381
44700
42396
36061
34781
13206
14486
12680
14984
2025
3305
43487
41695
7126
4310
43204
41924
25737
28553
31655
28839
25870
28174
22556
21276
35591
32775
64661
63381
53807
55599
54066
55346
47295
46015
1195
4011
5344
8160
59361
60641
28281
25977
50955
52235
15583
14303
64017
61713
29503
30783
13722
16026
40933
38117
61124
58820
53227
50411
982
2262
37708
38988
19530
18250
29177
31481
12816
14608
36998
39814
126
2942
41713
43505
36482
34178
34237
36541
35955
34675
20520
23336
58856
61160
55223
56503
65110
62806
9620
11924
3287
2007
25033
27337
48738
46434
22695
21415
28840
31656
45121
47937
23582
22302
10353
9073
19124
16820
8838
10630
52038
49222
4792
6584
2209
929
2177
897
57540
60356
32918
35734
48113
45297
24328
21512
42672
44464
24862
27166
19507
18227
60389
57573
53619
55923
11574
9782
26718
25438
8316
11132
18551
17271
697
2489
12658
14962
2401
609
45384
47688
27597
24781
14347
13067
28231
25927
5568
7872
55372
54092
8081
5265
45287
48103
51967
49663
30980
29188
54944
56736
20125
17821
40500
38196
50681
52985
53659
55963
13064
14344
54098
55378
53473
56289
5064
6344
17432
20248
1885
3165
49721
51513
12683
14987
43257
41977
58130
59410
22523
23803
7467
5675
65131
62827
65343
62527
62737
65041
2125
845
5480
7784
62473
65289
27118
25326
34418
36210
32380
30076
63135
64927
58193
59473
15816
14024
19541
18261
32497
30193
20501
23317
36943
39759
19825
18033
21928
24232
57982
59774
24666
27482
7366
6086
26530
27810
44657
42353
11180
8364
18794
17002
4894
6174
41031
43847
23542
20726
35521
33217
13132
14412
46833
48625
13422
16238
36712
33896
52772
50468
34011
36827
43032
41752
35417
33113
47000
48280
56322
55042
4991
6271
31083
29291
35183
33391
47480
45688
46591
48895
43636
41332
48385
46593
14430
13150
41238
43542
801
2081
18728
16936
63923
62131
57313
54497
62717
65533
44329
42537
59108
60900
23176
20872
17753
20057
22725
21445
55228
56508
14217
15497
24604
27420
13250
14530
30134
32438
33711
34991
21612
24428
40811
37995
38726
40006
49706
51498
37315
39619
11644
9852
35778
32962
52132
49316
45208
48024
49159
51975
51785
49481
13414
16230
44941
42125
24578
27394
16638
19454
59273
60553
36742
33926
56451
55171
42323
44627
31529
28713
24179
21875
50842
52634
31123
29331
19916
18124
5501
7805
25711
28527
51583
49791
23166
20862
46513
48817
26123
27915
53858
55650
32639
29823
44378
42586
64796
63004
4976
6256
37195
39499
4514
6818
64489
61673
52992
50176
6171
4891
64086
61782
35671
32855
36682
33866
56012
53708
15216
12400
24156
21852
51503
49711
64956
63164
13344
16160
45962
47242
42681
44473
49582
51886
12078
9262
13444
16260
14329
15609
18662
17382
34143
36447
42624
44416
55259
56539
2415
623
43872
41056
11831
9527
64861
63069
12144
9328
23930
22138
7671
5879
11016
8200
59297
60577
35578
33274
2710
406
40225
38433
6440
4648
55290
56570
49874
51666
61533
64349
45202
48018
47594
45802
47867
45563
28845
31661
10547
8755
19130
16826
4605
6909
7217
5937
37456
39248
6979
4163
54382
57198
17827
20131
30984
29192
402
2706
44016
41200
57437
60253
57781
60085
55605
53813
41553
43345
17184
18464
54672
56976
33377
35169
41504
43296
32521
29705
48174
46894
42839
44119
64839
63047
54010
55802
60687
58895
29039
31343
29929
32745
54193
55473
41191
44007
53024
50208
22407
23687
16097
13793
51897
49593
7847
5543
36783
33967
36613
33797
27216
24912
46319
49135
61201
58385
50132
51412
44585
42281
43509
41717
56117
53301
10823
8519
55258
56538
63323
64603
66
2882
3213
1933
62754
65058
21850
24154
34197
36501
22681
21401
39034
37754
32017
30225
49732
51524
51256
49976
32465
30161
37098
39914
64217
61913
3657
1353
55880
53576
58254
59534
53296
56112
38920
37640
50541
52845
45885
47165
2263
983
50509
52813
24860
27164
52025
49209
33822
36638
40917
38101
61067
58763
62982
64774
54371
57187
26870
25590
40469
38165
12932
14724
42626
44418
11169
8353
714
2506
10806
8502
15891
13587
49055
46239
36789
33973
58404
61220
1943
3223
10435
9155
62519
65335
32158
30366
11900
9596
55752
53960
21031
22823
55380
54100
21822
24126
32258
29954
65137
62833
15137
12321
16050
13746
8399
11215
10638
8846
39694
36878
46663
48455
21526
24342
3427
1635
61466
64282
50300
53116
22754
21474
47356
46076
42311
44615
17763
20067
60908
59116
30655
31935
44940
42124
8248
11064
7064
4248
15398
14118
64227
61923
26672
25392
17901
20205
25665
28481
6339
5059
56591
54799
39631
37327
3787
1483
24288
21984
65499
62683
52279
50999
4539
6843
37094
39910
32672
29856
24482
21666
41435
43739
22573
21293
47583
45791
1372
3676
26155
27947
51124
52404
37033
39849
44062
42782
64879
63087
4308
7124
36843
34027
63463
64743
49486
51790
49372
52188
57243
54427
46034
47314
30771
29491
56064
53248
15351
12535
8636
10940
55090
56370
11242
8426
47549
45757
12146
9330
3125
1845
61128
58824
59677
57885
38836
40116
12223
9407
10298
9018
62131
63923
25882
28186
27233
24929
46925
48205
3877
1061
42038
44854
32520
29704
33891
36707
25312
27104
14922
12618
10391
9111
55256
56536
19754
17962
51749
49445
62040
63832
50421
53237
5982
7262
28199
25895
32847
35663
20410
17594
31652
28836
24580
27396
21480
22760
29107
31411
40326
38534
41633
43425
14012
15804
10109
11389
31483
29179
64817
63025
17501
20317
24507
21691
61382
58566
28647
25831
16100
13796
11217
8401
35306
33514
50616
52920
6568
4776
53780
55572
20048
17744
57837
60141
160
2976
13692
15996
18445
17165
35592
32776
10399
9119
33490
35282
14078
15870
4701
6493
38354
40658
5178
7994
2082
802
474
2778
2541
749
30902
29622
1240
4056
51376
50096
25484
26764
31334
29030
7499
5707
16675
18979
11556
9764
5033
6313
5839
7631
16178
13362
7041
4225
46922
48202
20290
17474
58441
61257
32589
29773
5094
6374
60336
57520
52277
50997
63308
64588
51652
49860
55410
54130
9865
11657
2901
85
16490
19306
29628
30908
60099
57795
55077
56357
30374
32166
19622
18342
41017
43833
36677
33861
52490
50698
58495
61311
49814
51606
2169
889
59720
57928
36582
34278
56435
55155
31473
29169
55718
53926
15252
12436
29496
30776
42037
44853
57430
60246
10423
9143
24420
21604
62989
64781
11800
9496
18875
17083
17653
20469
20229
17413
42057
44873
40340
38548
22039
23831
47990
45174
42565
44357
63193
64985
21287
22567
23031
21239
37627
39419
53922
55714
13534
16350
30042
32346
45228
48044
31264
28960
50236
53052
2341
549
20319
17503
13867
15659
47530
45738
28269
25965
1212
4028
58991
60783
35883
34603
13162
14442
64073
61769
951
2231
53937
55729
53425
56241
5442
7746
9221
12037
63362
64642
25543
26823
2219
939
51669
49877
14830
13038
33025
35329
24260
21956
32957
35773
24724
27540
25592
26872
49688
51480
17131
18923
33879
36695
15615
14335
12037
9221
45185
48001
7579
5787
20741
23045
36736
33920
52749
50445
51079
52359
7100
4284
36714
33898
46431
48735
55859
53555
47893
45077
45758
47550
30286
32078
29590
30870
49781
51573
55428
54148
65479
62663
7182
5902
37578
39370
55807
54015
45935
47215
42098
44914
18261
19541
28381
26077
61386
58570
2280
1000
65270
62966
55165
56445
56402
55122
47788
45484
46788
48580
59721
57929
9138
10418
31923
30643
2124
844
37936
40752
49320
52136
20931
23235
42379
44683
42665
44457
8619
10923
14645
12853
47700
45396
49495
51799
28311
26007
48386
46594
27327
25023
54911
56703
1153
3969
383
2687
36339
34547
4333
7149
44784
42480
5991
7271
45927
47207
14397
13117
14511
13231
8238
11054
44958
42142
2211
931
60188
57372
53776
55568
29974
32278
58424
61240
55139
56419
42101
44917
1287
3591
48030
45214
10307
9027
26314
28106
33951
36767
36459
34155
24025
22233
35270
33478
31126
29334
63356
64636
44685
42381
34303
36607
29812
32628
3212
1932
7670
5878
11775
9983
57295
54479
9498
11802
20734
23550
12528
15344
6260
4980
56466
55186
57665
59969
47919
45103
9325
12141
48420
46628
53210
50394
8056
5240
40167
38887
35348
33044
34400
36192
39781
36965
44301
42509
63014
64806
43273
41481
51744
49440
18656
17376
54674
56978
50350
53166
21144
22936
59579
58299
20850
23154
37898
40714
51355
50075
15653
13861
63430
64710
49663
51967
21541
24357
40893
38077
15631
13839
48844
46540
10530
8738
35667
32851
23281
20977
38064
40880
12848
14640
37956
40772
42463
44767
13852
15644
56062
53758
21896
24200
1536
3328
57218
54402
53402
56218
58406
61222
5733
7525
29399
31191
41898
43178
40347
38555
13464
16280
33093
35397
14563
13283
51713
49409
42381
44685
489
2793
19447
16631
48370
47090
33595
34875
64204
61900
60898
59106
64926
63134
63953
62161
351
2655
18672
17392
43575
41271
47491
45699
36692
33876
25786
28602
42477
44781
30933
29653
21721
24537
19832
18040
35759
32943
11909
9605
48843
46539
60703
58911
41253
43557
57146
54330
41370
43674
36027
34747
22578
21298
4220
7036
7109
4293
51904
49600
25290
27082
45458
47762
29727
32543
55930
53626
27162
24858
4396
6700
37525
39317
46485
48789
28256
25952
4548
6852
32103
30311
45316
47620
9399
12215
40860
38044
10372
9092
32813
35629
46129
48945
53730
56034
1009
2289
24713
27529
23913
22121
48315
47035
18209
19489
22196
23988
15744
13952
8215
11031
20138
17834
65507
62691
31295
28991
60673
58881
37379
39171
17889
20193
6231
4951
15919
13615
59634
58354
40248
38456
15023
12719
8938
10730
62586
65402
58826
61130
31617
28801
46435
48739
55838
53534
8680
10984
49216
52032
58605
61421
58238
59518
11298
10018
2836
20
32684
29868
14994
12690
35574
33270
16712
19016
6891
4587
19592
18312
19949
18157
25364
26644
58873
61177
6745
4441
40250
38458
19081
16777
32560
29744
52181
49365
20264
17448
57639
59943
18806
17014
58168
59448
29077
31381
33858
36674
53844
55636
16836
19140
21003
22795
62280
63560
42021
44837
21669
24485
59533
58253
20592
23408
58251
59531
27651
26371
44737
42433
39609
37305
1743
3535
25587
26867
11377
10097
43265
41473
3157
1877
43158
41878
62719
65535
63705
62425
17598
20414
29794
32610
47797
45493
4511
6815
30948
29668
4631
6423
10318
9038
1640
3432
45052
42236
44033
42753
11265
9985
38959
37679
37449
39241
63130
64922
21681
24497
27714
26434
40141
38861
50941
52733
29320
31112
36296
34504
46045
47325
62032
63824
2217
937
20621
23437
21720
24536
4791
6583
44401
42609
51986
49170
3506
1714
52555
50763
9670
11974
60870
59078
16886
19190
25457
26737
9126
10406
42836
44116
52502
50710
44019
41203
24896
27200
16829
19133
24222
21918
46721
48513
17492
20308
37592
39384
9895
11687
27984
26192
58196
59476
9274
12090
45705
47497
60576
59296
11156
8340
20508
23324
1560
3352
14246
15526
18883
17091
24443
21627
7675
5883
55494
54214
65314
62498
28880
31696
63124
64916
43399
41607
50156
51436
46148
48964
34872
33592
42721
44513
23604
22324
11486
10206
56045
53741
41866
43146
8941
10733
48998
46182
59914
57610
1179
3995
41011
43827
55848
53544
1521
3825
56810
55018
44930
42114
49248
52064
13476
16292
57578
60394
22816
21024
8530
10834
63903
62111
43861
41045
7704
5400
17132
18924
23649
22369
26219
28011
43707
41403
61398
58582
56904
54600
5416
7720
14889
12585
33231
35535
31693
28877
11891
9587
56452
55172
63904
62112
640
2432
19399
16583
36431
34127
44049
42769
42329
44633
52931
50627
38233
40537
1559
3351
14053
15845
53516
55820
57086
54782
28670
25854
47288
46008
9674
11978
45944
47224
59995
57691
51962
49658
25999
28303
38188
40492
54297
57113
58345
59625
52561
50769
5805
7597
54717
57021
28522
25706
19080
16776
27593
24777
62600
65416
35511
33207
56393
55113
38660
39940
45719
47511
23417
20601
31683
28867
51640
49848
48091
45275
55231
56511
20721
23537
45530
47834
14907
12603
16888
19192
36081
34801
31907
30627
16456
19272
39745
36929
18173
19965
48054
45238
53588
55892
43214
41934
59981
57677
19773
17981
7117
4301
63506
62226
6727
4423
33597
34877
63677
62397
27130
25338
28445
25629
46268
49084
36374
34070
12423
15239
3327
2047
4687
6479
54765
57069
9946
11738
46650
48442
57983
59775
58353
59633
13523
16339
41117
43933
17937
19729
27645
24829
31113
29321
25326
27118
60619
59339
62002
63794
31105
29313
1905
3185
22765
21485
1866
3146
8024
5208
50346
53162
9339
12155
53789
55581
11251
8435
11700
9908
24852
27156
61537
64353
37064
39880
43789
40973
63206
64998
20788
23092
57425
60241
7328
6048
40251
38459
62595
65411
42649
44441
47823
45519
2478
686
9377
12193
62243
63523
10941
8637
55263
56543
38817
40097
22698
21418
38824
40104
9311
12127
17351
18631
39842
37026
64553
63273
31924
30644
34102
36406
64438
61622
60535
59255
46402
48706
51932
49628
4254
7070
28957
31261
37744
39024
44377
42585
57722
60026
11955
9651
11919
9615
6575
4783
3005
189
50963
52243
24287
21983
63575
62295
5192
8008
52484
50692
47517
45725
43093
41813
51171
52451
65187
62883
43595
41291
17770
20074
54393
57209
22778
21498
1370
3674
58820
61124
30393
32185
14732
12940
37961
40777
4238
7054
9814
11606
61865
64169
17672
19976
42069
44885
57935
59727
27636
24820
22172
23964
63806
62014
3770
1466
28091
26299
19884
18092
4377
6681
62682
65498
13839
15631
33035
35339
7386
6106
26032
28336
45830
47110
7949
5133
10677
8885
4655
6447
12854
14646
22645
21365
48535
46743
13336
16152
8055
5239
64732
63452
39967
38687
29902
32718
3795
1491
38217
40521
58496
61312
41040
43856
12885
14677
62351
63631
33605
34885
61204
58388
64803
63011
36631
33815
4735
6527
60128
57824
26894
25102
20057
17753
52461
51181
20939
23243
35964
34684
38719
39999
52594
50802
807
2087
37036
39852
35835
33019
23486
20670
47323
46043
10451
9171
41820
43100
14879
12575
28556
25740
56530
55250
59654
57862
38541
40333
44219
42939
5809
7601
21671
24487
15926
13622
1469
3773
8836
10628
45782
47574
60129
57825
29750
32566
1193
4009
40959
38143
44085
42805
29490
30770
41058
43874
33328
35120
61790
64094
15512
14232
10479
9199
18658
17378
5161
7977
59525
58245
2340
548
29
2845
57563
60379
4095
1279
34942
33662
37143
39447
18697
16905
48100
45284
6904
4600
43120
41840
37434
39226
37432
39224
1733
3525
5450
7754
11568
9776
43772
41468
41874
43154
57442
60258
52160
49344
61335
58519
12946
14738
3822
1518
39763
36947
19994
17690
39678
37374
4858
6650
56092
53276
65046
62742
36118
34326
49251
52067
56197
53381
59306
60586
55841
53537
5021
6301
10466
9186
18996
16692
50234
53050
46787
48579
8522
10826
27605
24789
62871
65175
28245
25941
64991
63199
37218
39522
56299
53483
51992
49176
20331
17515
52315
51035
31316
29012
40062
38782
49193
52009
59186
60466
3592
1288
35528
33224
58428
61244
7443
5651
31965
30685
33516
35308
5792
7584
59887
58095
46219
49035
42387
44691
9258
12074
20962
23266
36522
34218
64676
63396
58630
60934
32002
30210
45093
47909
29404
31196
20321
17505
61736
64040
48097
45281
53207
50391
46676
48468
50686
52990
1076
3892
22932
21140
8890
10682
15887
13583
32943
35759
63762
61970
40434
38642
4288
7104
49882
51674
30039
32343
32648
29832
48958
46142
27450
24634
45756
47548
32981
35797
1666
3458
41071
43887
5913
7193
34156
36460
29797
32613
47817
45513
29932
32748
3799
1495
25249
27041
55348
54068
43628
41324
35324
33532
4135
6951
20554
23370
